pair,max_reg_val,sites,regressions,site_1,site_2,distance,abs(distance),ind_site1,ind_site2
site_36-38.csv.npy,12535.46856,site_36-38.csv.npy," [[2796.425088570521, -3696.2592281864463, 275.93213188824035, -1308.6250273840792], [-2469.567387490267, 10512.28715457304, -1411.1026746879045, -1390.7028341759683], [2704.712622683572, -12535.468564594757, 1626.8986081985836, 3457.857172788969], [-4858.060521001863, 11493.439217272611, 2.357718625673303, -3000.341394326829]]]",36,38,-2,2,2,1
site_4-9.csv.npy,11603.78618,site_4-9.csv.npy," [[2474.678190246665, 3352.451130530847, -3074.223322091697, 169.8904235671122], [739.1087253258327, 11603.786179364835, -1943.1467620301478, -2686.132719637931], [-42.41009909855219, -5327.801520488785, 1394.9259895088128, 1365.733668034237], [-1370.5183214727147, -5783.133695988294, 2816.82869828799, -66.4634440421214]]]",4,9,-5,5,1,1
site_11-37.csv.npy,4441.75768,site_11-37.csv.npy," [[3438.902184107693, 462.1329526414166, 1777.3903350089524, -3246.1177195739074], [-85.67754880244912, -1402.7876753401965, 1013.0736184946782, 213.77568426231355], [-1084.7723987171012, 3855.7860502584685, -3696.909501753133, 3818.7895301388753], [-2193.394869560507, -4441.757679944121, 2464.2895495566963, 821.5610605842572]]]",11,37,-26,26,3,1
site_2-23.csv.npy,11300.4818,site_2-23.csv.npy," [[1156.702070858764, -1747.5886249715156, 2041.9890909910152, -1349.5335888938212], [-5115.169339904468, 11300.4818030098, -4787.835442694626, 2390.7190815839276], [1971.8148439900265, -3360.8242514857084, 1350.6037792120824, -797.1473108194114], [-1292.176485208197, -3853.235369503115, -733.8410626393783, 4198.977160866006]]]",2,23,-21,21,1,1
site_11-27.csv.npy,17289.13223,site_11-27.csv.npy," [[551.270925747373, -1305.0531263154435, 1191.8808139573614, -876.9139188306365], [-2072.5034384564215, 17289.132226326383, 0.0, -4665.426299318021], [150.37858000249298, 0.0, -3099.8047549327766, 4271.878088241541], [2254.1505236586704, -3614.5598837194007, 443.57586846524083, -960.8192238356258]]]",11,27,-16,16,1,1
site_6-7.csv.npy,14716.73726,site_6-7.csv.npy," [[3381.2984783434085, 5226.923675445983, 1071.3521565808226, -6693.729313454058], [4197.108168260979, -2244.410728367583, -1593.7824532549107, -4663.077736761138], [-5574.690872660862, -3364.6543112667655, -3363.222361544326, 14716.737258096748], [-4483.155205287286, -4362.976660838147, 8724.088094782523, 0.0]]]",6,7,-1,1,2,3
site_2-33.csv.npy,8829.609698,site_2-33.csv.npy," [[-3446.7107541851383, 3935.5809103705055, -428.54285136327275, 2246.617608161339], [5436.85944515454, 5088.340198226457, -62.912372885195126, -8763.29550598032], [111.49304596342233, -6745.619815011844, 1156.5668855992994, 902.5859362728085], [-643.015980114711, -8829.609697844866, 1173.9807975678511, 3315.448258989335]]]",2,33,-31,31,3,1
site_0-16.csv.npy,18807.25652,site_0-16.csv.npy," [[-2380.925511436931, -18807.25652121924, -4231.6327172723995, 5436.610426002147], [0.0, 0.0, 0.0, 0.0], [0.0, 0.0, 0.0, 0.0], [3144.7314811123842, 0.0, 0.0, -3144.7314811110364]]]",0,16,-16,16,0,1
site_26-27.csv.npy,11142.4647,site_26-27.csv.npy," [[821.690562986699, -3683.839638320786, 590.5001924382801, -225.66809826869732], [11142.464699620725, 0.0, -1156.3268320143325, -6492.452133330947], [-246.05570859428298, -2520.5260888875214, 1923.6804571671858, -634.3852390974694], [-4852.587774441725, 3553.8437966209717, -1358.9544348781894, 4720.08436481079]]]",26,27,-1,1,1,0
site_26-37.csv.npy,9919.531083,site_26-37.csv.npy," [[1406.2869360098584, -4535.201746021215, 894.4985632118654, -2116.6556871706994], [-3142.6208863047405, 9919.531083473585, 2827.156338312602, -5995.940560075292], [4254.367375259683, -120.43186001606156, 2210.757917384227, -3856.577493192683], [-3206.7891915551677, -5992.764457150531, -4001.315852184188, 8670.487568737128]]]",26,37,-11,11,1,1
site_28-32.csv.npy,15539.32677,site_28-32.csv.npy," [[1313.1163722514211, 1154.769045200643, 633.0339072850799, -3405.3522179348306], [1763.38645039008, 15539.32677398906, -1561.370085539734, -9851.026089992396], [-324.1398780094188, -8278.001370737637, 2103.1006197559987, 532.1668250179466], [-2812.006546295408, -7792.756382872542, -425.5958207608536, 6402.567487425615]]]",28,32,-4,4,1,1
site_9-27.csv.npy,17585.13462,site_9-27.csv.npy," [[-2669.7062770614925, 2497.7390287724684, -2983.1283597789443, 4544.409677626102], [17585.134620337398, -11313.130442622838, 6525.882167110902, -6365.688423426609], [-668.2547254313171, 1639.2294820971856, 2375.530115315118, -2560.4871371562303], [958.1421403848138, -758.1111759889766, 469.65342917677606, -1576.5450413403933]]]",9,27,-18,18,1,0
site_9-37.csv.npy,8426.294524,site_9-37.csv.npy," [[-611.7438133394119, -6318.193821114537, -3615.8612846823085, 8426.294524137853], [-2425.5098823418125, 3185.655790255462, 0.0, -1820.8769721377025], [1933.110047938308, 827.3780429238168, 1361.6811039535326, -2867.7487891844557], [7.335466485264018, -367.6336835512811, 5442.786320128227, -5066.525010827506]]]",9,37,-28,28,0,3
site_14-26.csv.npy,9565.46213,site_14-26.csv.npy," [[5796.361838733697, -4436.658433518713, 619.6273887136919, -5650.681342934169], [-3340.0701419052025, -7792.486029067858, -2425.867590685367, 9565.462129524456], [-129.68638509386784, -3101.554894311461, 2837.1488896912583, -2338.7675580548516], [-3869.4354760856595, 5578.714341579988, -1889.7489607929285, 1340.5892981224144]]]",14,26,-12,12,1,3
site_7-32.csv.npy,12351.76815,site_7-32.csv.npy," [[675.0156808854123, -3663.6385619468233, 1551.347237010429, -376.1430087008051], [3818.504157191813, -5516.10410301316, 1583.9593170536211, 567.0579454074243], [-2796.0456144365644, -4327.843642490936, 415.6267045611929, 2524.598671279555], [1274.9614304293225, 12351.7681542688, -2812.737664978899, -4489.5022146241035]]]",7,32,-25,25,3,1
site_14-36.csv.npy,12961.99698,site_14-36.csv.npy," [[-248.06728132067445, 10172.422485769104, 1889.072880582942, -6575.131912726004], [-7457.13921028203, -6615.492392227764, -1948.1620847646016, 12961.996980849754], [896.624619594022, -302.73849171201664, 141.0358566756847, -2070.4002887887586], [4008.832980896159, -5573.867764009386, 206.08887573098272, -597.5235519742462]]]",14,36,-22,22,1,3
site_7-22.csv.npy,7663.649621,site_7-22.csv.npy," [[1005.2517597203771, -4401.739876731354, 71.61194289186909, 1953.9421567646568], [-994.2139855711848, 1448.1515181304878, 1419.3181271995481, -1081.0256411850423], [72.30690944986523, -6481.772605955852, 2107.770264959136, -105.22444310450024], [-1229.3527150640919, 7663.649620997136, -2661.6360295549907, -1756.0718113200826]]]",7,22,-15,15,3,1
site_23-36.csv.npy,5882.237813,site_23-36.csv.npy," [[508.2059119166177, -2354.0984520208103, 1751.0287447886374, -3559.063529438207], [-2488.2942575910934, -1557.0492053019693, -5140.298639033121, 5882.237812741406], [1123.6900452277134, 1829.9788960976389, 1240.8410883214128, -4239.97140439061], [2310.152165426688, -3382.84475125286, 2574.7635803665767, -3208.5905476205394]]]",23,36,-13,13,1,3
site_30-35.csv.npy,6315.32971,site_30-35.csv.npy," [[-1543.2853544488605, -2500.18583233859, 1040.8851744963365, 2365.3419481494975], [6315.329710131204, -3547.6764365111303, -956.814605361703, -426.6827178099089], [-1258.0663517697612, -2104.9683269010025, 947.0660332912195, 811.0644518617133], [5603.543648881335, 6057.4680597325505, -844.6238655861581, -5410.351583890209]]]",30,35,-5,5,1,0
site_5-17.csv.npy,8411.155894,site_5-17.csv.npy," [[2411.633431103597, -4493.3571376106065, -2116.115358949058, -692.521148358564], [2246.307469378511, -7786.846434460605, 6119.493473793646, -4463.29031740116], [-3788.2774319729397, 257.4894434901518, -1665.2608777553621, 4346.817933711867], [239.8117368667659, 8411.155894436506, -2646.219655660591, -2206.938056321782]]]",5,17,-12,12,3,1
site_23-26.csv.npy,5100.194476,site_23-26.csv.npy," [[1652.1100379835125, -4659.9893591813925, 2264.515229331389, -3531.5227064100013], [-3488.717534557814, 451.6591684092543, -4087.7145853565494, 5100.194475976895], [1236.1463971320559, -3150.7397657447423, 2689.5585406872174, -3176.5412735165924], [680.6095590305672, 2748.4991892527946, 231.1419622847892, -2218.718387419932]]]",23,26,-3,3,1,3
site_33-39.csv.npy,7011.672372,site_33-39.csv.npy," [[-1159.7227228601012, 3042.7126019300995, -1365.555324207098, -6391.096216583682], [-5270.388950893697, 4820.453436584243, -2192.700669590401, 0.0], [-2704.708974317766, -3779.5499673173695, 2160.3671456299767, 1762.861258453922], [7011.672372312375, -4751.335508274781, 1892.6797732998698, 5255.561325139275]]]",33,39,-6,6,3,0
site_29-34.csv.npy,10124.37539,site_29-34.csv.npy," [[-4220.352709778202, -4039.5801009917786, -1121.6889164015142, 10124.3753858696], [5638.18582690271, -2289.7525991993493, -1318.3682142932032, -502.43060974779223], [948.0441803373066, 2243.060079256029, 597.2973640779256, -2623.3297428088654], [931.1648533747835, 1678.2203110467924, 3132.4448636258267, -4340.615460424794]]]",29,34,-5,5,0,3
site_11-18.csv.npy,4836.965398,site_11-18.csv.npy," [[-821.6531779693009, -4821.217159175354, 2283.2785906044896, 1700.9964432919369], [-1116.9647540340566, 2124.3991691347155, -366.0743268998444, -1686.7654518321956], [3845.265973482996, 3450.809173997768, -377.14810926926816, -4836.965397750264], [-4620.285087189938, 1578.280595383914, -1324.6589681780458, 3402.288709374673]]]",11,18,-7,7,2,3
site_1-5.csv.npy,19911.28333,site_1-5.csv.npy," [[-1179.0689517961462, 1288.4791836045142, -602.4313480462991, 1180.1796686137045], [-3027.356340934872, -1250.2335804045172, 201.57899720945352, 4441.67341470941], [-2923.2204637645555, -2446.34294306555, 4141.057377722495, -703.6144174981076], [19911.28332939426, -577.8090585737389, -7442.745773045921, -7367.977927537843]]]",1,5,-4,4,3,0
site_0-29.csv.npy,15464.43257,site_0-29.csv.npy," [[2209.4535930193533, -15464.432569046288, -6932.33184129562, 864.3284160927603], [0.0, 0.0, 0.0, 0.0], [0.0, 0.0, 0.0, 0.0], [-467.7808619517934, 0.0, 0.0, 467.7808619530733]]]",0,29,-29,29,0,1
site_0-39.csv.npy,0,site_0-39.csv.npy," [[0.0, 0.0, 0.0, 0.0], [0.0, 0.0, 0.0, 0.0], [0.0, 0.0, 0.0, 0.0], [0.0, 0.0, 0.0, 0.0]]]",0,39,-39,39,0,0
site_10-31.csv.npy,6410.210874,site_10-31.csv.npy," [[-2380.093714050367, -6057.116868193455, -1001.0187005094207, 6410.210874392538], [0.0, 5032.3904174956715, -2533.7153737218277, -3335.2480298494092], [1768.3298696484076, 641.8165279277073, 92.38266840077537, -2339.6415224513835], [2070.9537936302586, 211.66629719886058, 2105.454121540034, -3450.7607881091494]]]",10,31,-21,21,0,3
site_3-25.csv.npy,17655.08653,site_3-25.csv.npy," [[4406.019601369024, -3376.833130150484, -2658.7851600269905, -713.2305721095369], [-4251.120641560449, -12824.943500169844, -5075.613551115708, 15011.74215137647], [-1367.5118375465745, -4418.80894493196, 3808.380054352719, -745.5639259493175], [-1986.892142533228, 17655.08653336479, -208.44631531097002, -2632.453476404986]]]",3,25,-22,22,3,1
site_10-21.csv.npy,8299.256531,site_10-21.csv.npy," [[-1105.9439465261878, 1510.940646925874, -1463.352480140312, 2544.977955887098], [8299.256530704886, -7484.298821504446, 0.0, -2074.351921259287], [64.32864491413993, -4008.92921727286, 1895.652818829553, 480.9322072690047], [-1933.8709954856831, 4458.7692308637625, 935.1486650821812, -2314.6145719142537]]]",10,21,-11,11,1,0
site_3-35.csv.npy,8550.453058,site_3-35.csv.npy," [[4250.315768560363, -4257.63726153233, -4397.626133904544, 1269.4969444799294], [-8550.453058113859, 3360.975066068622, 4482.428688311349, -2699.9756931775587], [-1666.2798109474727, -1679.1302469432253, 1436.2224362915624, 578.7907733157274], [-4422.345117738522, 832.0181505729487, 981.3337993689621, -2055.93491277376]]]",3,35,-32,32,1,0
site_1-10.csv.npy,20632.78156,site_1-10.csv.npy," [[-2468.1653754047065, 4571.852965848997, -526.0565203481303, 1323.014036939629], [-2184.7298916555474, -1895.8553930598234, -454.5927032227962, 5046.796054389886], [-1323.744255940996, 403.2583703699443, -373.0438272460932, 1627.943924470856], [20632.78156191335, 0.0, -586.8160597448456, -12000.869613539686]]]",1,10,-9,9,3,0
site_12-14.csv.npy,9182.424323,site_12-14.csv.npy," [[911.8241287046749, -5266.578583013029, 2167.973140232893, -1500.3601674635358], [8200.757433060882, -9182.424322817975, -3213.9586951375613, 515.6412314484721], [-150.2476771248689, -2752.8310361362537, 1578.1852164092431, -433.5438841898051], [-4428.285212755651, 6479.918872557169, -3088.6080678829103, 1605.356346589482]]]",12,14,-2,2,1,1
site_27-31.csv.npy,7072.138828,site_27-31.csv.npy," [[1696.1748114220275, 7072.138827925853, -223.95593261313252, -3370.7988347742607], [-1763.5838622807012, 0.0, 4211.485678658394, -3283.6083966140836], [618.9824683235223, -2902.059570598973, 1557.0131980012013, -1372.9742653435962], [-1898.3082129113734, -3854.458313029325, -1768.737182100124, 5904.663019387264]]]",27,31,-4,4,0,1
site_15-20.csv.npy,6612.648911,site_15-20.csv.npy," [[3362.2329951334837, 0.0, -126.36459430051173, -4304.998684392335], [-5995.957275866312, 2659.252259694952, -3163.5807683097314, 6612.648911197284], [2676.1683847074387, -3699.601268916447, 180.1181763324756, -1353.203542865336], [-429.6821571473246, 1233.9220353789508, 658.3624535789348, -345.03784331327404]]]",15,20,-5,5,1,3
site_6-34.csv.npy,14246.98038,site_6-34.csv.npy," [[-1137.3058910732143, 4310.393097439075, 4677.081188774688, -8306.39751384188], [9882.557144266517, -1573.7863742443421, 0.0, -5463.6718625808735], [-2050.900815314368, -2433.6905144865727, -5696.976755332871, 14246.980381846688], [0.0, 0.0, 1516.3357463401483, -1516.335746340179]]]",6,34,-28,28,2,3
site_15-30.csv.npy,12267.88526,site_15-30.csv.npy," [[-597.3417919943597, 4359.936356739808, 912.0380506401458, -3635.5992012816273], [-7562.184751650109, 0.0, -7456.491215247949, 12267.8852585826], [526.2669423087688, -3684.8030173652387, 3172.459894439014, -2732.579824731415], [4000.827140821789, 2258.1899296009797, 177.73858738990722, -5870.835787836393]]]",15,30,-15,15,1,3
site_6-24.csv.npy,11270.92413,site_6-24.csv.npy," [[691.9185695099446, -8608.158349830506, 3614.8890407756194, -947.254279049678], [-267.7351704629725, -6090.450810718611, -1875.0871586468452, 3967.1300017433828], [-1548.9463294690925, 11270.924128061177, -1881.3637497727132, -4673.214399179572], [23.2054770045005, 0.0, -4041.4570566598095, 2957.014427432025]]]",6,24,-18,18,2,1
site_22-30.csv.npy,6082.211378,site_22-30.csv.npy," [[-12.559803740729127, 4177.006313223139, 781.1034505471349, -5466.25629341854], [-3797.913217493165, -1333.675128355539, -1466.1121218542667, 5714.580147995838], [3127.980881394203, -3235.0310639982995, 2177.677281164876, -6082.211377624451], [-532.9302975019305, -4748.332585418717, -2090.0027197531413, 4073.2689445772735]]]",22,30,-8,8,2,3
site_31-33.csv.npy,5999.323822,site_31-33.csv.npy," [[-822.5704714074869, 5999.323821525533, 2051.163603361208, -2209.550046145963], [-1246.886532632947, 2697.2532557974478, -1856.4941299459956, -168.0141839704142], [-1054.5950653189384, -3341.4047452718655, 202.20969932136808, 2611.5981821140695], [1246.6002922265434, -5696.379445858505, -573.4297954614674, 196.35617593036636]]]",31,33,-2,2,0,1
site_4-11.csv.npy,5483.740129,site_4-11.csv.npy," [[-149.22640768459192, -3847.614465695397, 3314.665581496147, -3656.7517520837864], [-5277.632434056632, 4542.741616613751, -5483.740128554959, 4253.396333713592], [2337.439759093495, -1156.5126780890002, -251.7575536234441, -1963.807961021612], [-309.0923516691196, -662.4692575751064, -1542.3599751212278, 2308.714067730775]]]",4,11,-7,7,1,2
site_14-19.csv.npy,15170.16242,site_14-19.csv.npy," [[-53.57351174903995, 10006.522450459715, -3423.2481419596957, -1035.7638386631172], [0.0, -7581.85133993396, 15170.162422770847, -6856.826818595621], [440.631241643428, -1745.8460435972322, -1808.0756850632097, 2045.0734193845228], [2001.8826795500042, -4679.402162000986, -1646.4888385587317, 1941.3096935888818]]]",14,19,-5,5,1,2
site_5-38.csv.npy,40675.03313,site_5-38.csv.npy," [[-2262.797904033785, 40675.03313025431, -3592.9828624972097, -1447.6677270596533], [303.0115077295443, -2265.3178172267935, 2719.686177703576, -74.36461878293399], [2279.6670871351153, -12063.972838944594, 772.2932626130303, 2230.0052415329687], [-501.432019150534, -3802.2676503359385, 2021.4864678274537, 210.03773985310383]]]",5,38,-33,33,0,1
site_5-28.csv.npy,14508.5915,site_5-28.csv.npy," [[-1198.2679857553542, 14508.591503477697, -2263.4601079141153, -3582.0651568367302], [10509.653945221033, -350.0972368131585, -481.24086622841094, -4387.599792968673], [291.1064836715321, -9184.860065971123, 1600.4146158439223, 3278.2812676438393], [-3703.218866378764, -6564.6060745077675, 3134.571111990218, 4357.463419150627]]]",5,28,-23,23,0,1
site_18-39.csv.npy,9704.953569,site_18-39.csv.npy," [[0.0, 6463.510372216819, -6463.510372216791, 0.0], [9704.9535691954, 420.1814343075505, -2867.3987405328758, -843.2939226279121], [821.0701621722243, -3498.357161096824, 2977.9295334269805, -4094.8502684053537], [-2250.255409544538, -2651.8029633115084, 2713.635779701743, 4934.003552468705]]]",18,39,-21,21,1,0
site_18-29.csv.npy,7075.619561,site_18-29.csv.npy," [[5818.572076402594, -6417.533760251893, -814.5556822392225, -2717.1857179895846], [118.93819602862325, 5708.023468432021, -1930.5664666515177, -4048.8894275527346], [-2347.0539373482866, -7075.619561133522, 1889.9768546972198, 3869.6028984481545], [-2905.666807536571, 3636.374384085917, 439.82683274081893, 146.9163489520072]]]",18,29,-11,11,2,1
site_9-18.csv.npy,16484.00828,site_9-18.csv.npy," [[16484.008279789276, -1658.2840748637232, -3384.6844894087208, -2633.1598258901913], [-1362.674648311354, -728.9858904543917, 0.0, 1423.8610753700648], [-4797.620224545407, -1743.9088550720826, 3108.8538865722135, 2322.5897160450722], [-2867.4148296917156, 1080.3853031039157, 3046.3720890364507, -70.35959044339847]]]",9,18,-9,9,0,0
site_8-21.csv.npy,6658.829563,site_8-21.csv.npy," [[247.54660538615568, -488.5576383728874, 292.0169066805225, -513.2442372438286], [-2182.5148108327685, -3539.67618539271, -3476.31690109041, 6017.803220115191], [-3.947891109236483, -1398.9191723337283, 3138.319545696527, -3596.517815208117], [3928.1215134106756, 2189.406164262039, -80.98418137483392, -6658.82956260187]]]",8,21,-13,13,3,3
site_8-31.csv.npy,3175.442177,site_8-31.csv.npy," [[864.3882277526883, 655.1566912326539, 467.8880638282317, -1918.8077352342334], [-978.1959319497078, -1181.4300902912355, -1568.732339583017, 2381.1973955794824], [551.2081401186625, 0.0, -1515.258441997151, 911.2864271413667], [1341.0097155916785, -801.0371162697496, 2052.345199974398, -3175.4421774823245]]]",8,31,-23,23,3,3
site_19-26.csv.npy,8138.873381,site_19-26.csv.npy," [[2919.5857497282705, 4842.105401246911, 1936.4728256482726, -6459.935333521278], [7862.499600781657, -2784.3615299254084, -1784.0887977596328, -1517.7578513145816], [-4598.560225841618, -3480.5300970740745, -1352.9972839159245, 8138.873380859767], [-1064.1621518146985, -1880.251587955825, -199.8954487091997, 1887.6181723478508]]]",19,26,-7,7,2,3
site_19-36.csv.npy,5944.031399,site_19-36.csv.npy," [[-1441.2220716828724, -1835.1752249920687, 460.2414112300684, 1318.5085264324327], [368.069099284516, 3365.6623618323206, 235.3744795072173, -4831.105930107372], [-3230.76428707051, -4616.302365370988, 572.8887331704469, 5944.031398670644], [4201.97574280517, -3093.6857581610357, -462.0279515660883, -3662.3396371759427]]]",19,36,-17,17,2,3
site_8-17.csv.npy,11235.70923,site_8-17.csv.npy," [[-2285.779870872531, -3862.71091304809, -418.41012269363006, 4548.454508086908], [10039.91291666108, 10347.750603877774, -221.32006202626434, -11235.709233831525], [-667.0509051385183, 0.0, 17.33446350576623, 972.909546907922], [-4390.15870791324, -1202.9572797689002, 5904.030596049163, 1377.9654463606016]]]",8,17,-9,9,1,3
site_6-12.csv.npy,7618.397706,site_6-12.csv.npy," [[2731.419949783446, 1285.368238359944, 687.2854050165865, -7256.429204351948], [130.4317623994801, -5502.510021625168, 2067.624025684429, 2584.8525190198293], [-3808.881324599499, 2045.6458479924477, -2720.5647471922757, 7618.39770560787], [667.4550265562256, -156.7500785157995, 3311.93115409142, -4167.11376478545]]]",6,12,-6,6,2,3
site_20-23.csv.npy,5186.11525,site_20-23.csv.npy," [[2070.769427787845, -5186.115249858921, 2358.218968755288, -1521.7547971102977], [-1200.6352390292902, 1561.1467412782308, -447.21402710972, -646.665801919669], [-77.43926265303709, 11.968620294855665, 227.76412721010948, -211.2473119242076], [-1132.2947402554817, 341.09465576322754, -2043.4183226743671, 2425.9535989574492]]]",20,23,-3,3,0,1
site_15-16.csv.npy,25500.99025,site_15-16.csv.npy," [[418.75635434757714, -2605.6666275922444, 1395.696655580472, -1324.8055177518888], [-4149.026277470683, 25500.990252848835, -8819.786891398388, 106.33030618799556], [544.6616307126293, -10389.09161795125, 3717.227897471471, 1032.9745474638398], [2997.3670443991828, -8998.781207945001, 946.3589014019342, -1508.860452667324]]]",15,16,-1,1,1,1
site_20-33.csv.npy,4711.021433,site_20-33.csv.npy," [[-1435.540889563844, -924.0743672622762, 77.34369761973421, 1970.3942219231137], [81.88686080374443, 3224.7100412344707, 1145.1947352065656, -4711.021432659502], [-2336.6210629412226, -3854.463490462368, 800.2888518394861, 3312.0121518233204], [3119.240623082173, -278.2184095294782, 586.6197929954029, -3662.10800085169]]]",20,33,-13,13,1,3
site_17-33.csv.npy,8442.25917,site_17-33.csv.npy," [[1753.1464869564927, -4208.8705033721935, -1867.5356483227645, 2166.847314068575], [-3977.1889389827347, -5825.332769007469, -352.8260489212159, 8442.259169829793], [-2350.9304720748264, 7632.163996683654, 684.003815001775, -1098.6199009904985], [2038.6798201556312, 2011.6303833189822, 2301.838502331094, -3894.6076197023117]]]",17,33,-16,16,1,3
site_4-27.csv.npy,6340.56806,site_4-27.csv.npy," [[3499.229575362017, -6340.568059535194, -4104.798011588583, 4274.0791577237715], [-4823.08816577673, 4105.249335742852, -2569.367685602414, 5189.473363734602], [1774.4758198244276, 0.0, 1979.086928356913, -3123.624906369759], [-2114.190777439396, -3826.6371731560844, 4668.516270545896, -998.6794377528585]]]",4,27,-23,23,0,1
site_17-23.csv.npy,11439.92032,site_17-23.csv.npy," [[-860.1913111830004, 3408.451169092683, -1135.6917798517438, -1168.653374110835], [74.49968893220124, -8941.841349851082, -1126.1526166687204, 11439.92032047574], [-265.1404444526067, 6224.197698782226, 230.11717514862, -2872.6725431850796], [1423.8761105477834, -4405.872780798032, 1637.5355570051088, 713.8849976904197]]]",17,23,-6,6,1,3
site_4-37.csv.npy,9490.247891,site_4-37.csv.npy," [[-3769.819319447854, 9490.24789118686, -3330.398661155096, 4662.730476684675], [0.0, -2207.5598392819707, -1916.3193940544406, 2263.3894008579678], [2517.6179355356603, -2621.89187360887, 2168.0270937972737, -4133.940024264866], [1960.830627038637, -4089.8609048778594, 2325.599753144576, -2190.3095784381694]]]",4,37,-33,33,0,1
site_10-17.csv.npy,9355.612032,site_10-17.csv.npy," [[1082.5013300378369, -4020.663324289747, -2475.1823572589437, 1490.7454821713031], [-1996.636509722019, -4758.273045219167, 9355.612032253986, -3266.0347753127035], [2311.496071114153, -3177.4722715979647, -537.3242272900591, -708.0057392507906], [-1913.4004083688478, 6246.699888426926, 15.00168130258425, -293.8792853873555]]]",10,17,-7,7,1,2
site_25-32.csv.npy,10856.98948,site_25-32.csv.npy," [[-1910.0104434226294, 10347.163099355597, -204.03535499653654, -2350.3154237063573], [-8731.728943281361, 10856.989479853628, 0.0, 3156.378386952776], [-1249.3980377768648, -1785.0994754940555, 1299.6819850912818, 948.8081411830912], [4949.783837827794, -10720.757205511363, 1063.6621287021574, 1340.6736204251215]]]",25,32,-7,7,1,1
site_3-13.csv.npy,6990.798565,site_3-13.csv.npy," [[-2386.2439226278557, 570.2938377601615, -2601.533433415944, 5711.510490400726], [-3383.10441452407, -6990.798564687441, 0.0, 6738.588265702962], [1711.108695967761, -2658.1661494576592, 3575.99201368211, -4483.648680139058], [1393.157730039549, 5126.283748699551, -49.421796292296484, -3578.4742370752033]]]",3,13,-10,10,1,1
site_12-22.csv.npy,6787.516858,site_12-22.csv.npy," [[4427.9474782928255, -3185.041410229543, 948.6207493225205, -3126.0883764104515], [-3989.9255695730953, -2663.3063821912933, 4095.1916753047108, 1749.930464369776], [548.6442846152099, -4808.81786668226, 764.6680009194088, 1244.2564844714195], [-4855.788092192592, 6787.516857850156, -2437.5126851844557, 1939.1681838168302]]]",12,22,-10,10,3,1
site_1-36.csv.npy,7699.417064,site_1-36.csv.npy," [[3350.107717804894, -1426.8237464576068, -542.5695818463917, -3077.664689124286], [-1421.154840270688, -521.2854119598765, -55.61241528493283, 2547.894150690275], [903.5745711289396, -3812.771363486335, 1810.3553767407682, -1249.7544202981633], [-7699.417064235301, 136.18807080049882, -1241.5187514232266, 5817.2880678081]]]",1,36,-35,35,3,0
site_12-32.csv.npy,16021.28074,site_12-32.csv.npy," [[525.7298925262377, -8654.437169960107, 1460.9451182409853, 2076.69048595324], [16021.280738684007, -1353.3265469652545, -4706.588183944254, -171.74441585952624], [1273.9560580235557, -9189.609816511287, 1923.5265612177914, 510.79530423445374], [-4733.587831598935, 13641.256533519285, -3586.509754009544, -4739.425627684228]]]",12,32,-20,20,1,0
site_1-26.csv.npy,9412.221108,site_1-26.csv.npy," [[201.58356829982839, 1452.1191761411947, 2523.746118260064, -3060.8225663187322], [1104.7749414838793, -2043.4159466291314, 3189.236424656715, -1007.204470456283], [-1383.5692275799356, 3186.1881189886035, -751.4857993953523, 393.61245734457236], [4329.226629866529, -9412.221107900496, -3699.9777564115516, 5931.890595255964]]]",1,26,-25,25,3,1
site_15-39.csv.npy,8929.932052,site_15-39.csv.npy," [[-637.595439297238, -1913.5649800804015, 2425.625817874594, -5239.786689194451], [-6906.851716942389, 8929.932052480968, -6871.313783329461, -2038.7394053150815], [-191.94250165063767, -2914.4688499362696, 2742.5366687803967, 0.0], [3751.9110341468354, -2330.665826510515, 255.42093287438965, 2230.058727933324]]]",15,39,-24,24,1,1
site_15-29.csv.npy,11894.59974,site_15-29.csv.npy," [[-3106.803442965747, 11894.59973673037, -187.7760530037026, 258.6511773002544], [6724.861320521816, 1195.4914216231548, -2551.2556191228405, -4993.96180962605], [263.2426400818936, -5357.79856499657, 1618.868982981498, 1598.6791413762633], [-1151.5408849597463, -3126.781453631561, 788.6106776424276, 1658.3823867763747]]]",15,29,-14,14,0,1
site_22-29.csv.npy,8934.035741,site_22-29.csv.npy," [[656.5220688467411, -8277.59808871521, -37.60813752717632, 1083.566635944765], [8934.035740782234, -2874.933941820887, -1863.2454700891492, -5755.188046039612], [-3168.9220520604626, 1304.4827201163255, 1257.2604481266299, 1117.760676164471], [-2753.10160565008, 895.9789424356444, -181.78208673893874, 1951.6720049177356]]]",22,29,-7,7,1,0
site_4-18.csv.npy,7965.228018,site_4-18.csv.npy," [[2402.3475829763734, 5841.599075424769, -2953.090550270971, -3727.2175009940224], [-5315.354343243036, -1613.4762118348795, -2068.634711553516, 7965.228018217813], [-638.5459615700291, -3810.1854255644644, 2271.317279272388, 383.98032802557276], [-469.6100596202755, -3549.2232580566815, 1649.2276725954862, 905.0192982923215]]]",4,18,-14,14,1,3
site_2-8.csv.npy,10066.14901,site_2-8.csv.npy," [[-455.5267314031655, -2029.2259572348062, -323.00303048832814, 2480.4553517691675], [-5502.395824441462, 7067.020946890374, -700.9900164650983, -594.9170104201809], [1098.3864125449375, -4761.02128536271, 2259.6330628670626, -1578.6822780241068], [10066.149008051449, -328.1479207306775, -989.8099690658437, -2649.7570722074443]]]",2,8,-6,6,3,0
site_22-39.csv.npy,5731.639563,site_22-39.csv.npy," [[5164.914794815102, -3186.283412737235, -1473.227808085742, 0.0], [-5731.639562592323, 4317.453824530573, -2952.521545010911, 0.0], [-50.35585936490283, -2767.850966099629, 1932.686567304797, 2118.0158409522433], [-2460.5472427387194, 535.7487354736093, 22.929095929991522, 1130.4620033128524]]]",22,39,-17,17,1,0
site_32-36.csv.npy,5777.45394,site_32-36.csv.npy," [[367.82641507804465, 4093.8322046939475, 260.980861905606, -5285.62079617782], [2440.929553539995, 0.0, -5777.453939767935, 2966.9183071412476], [2120.1668350162377, -755.7631797126629, 70.32968689547452, -2713.450293079431], [-2673.589146416234, -1364.0482088775448, 2925.151778243978, 1411.651337462449]]]",32,36,-4,4,1,2
site_21-25.csv.npy,11201.20003,site_21-25.csv.npy," [[-1435.784855690111, 8048.179581634615, 380.7309669870465, -1374.0761266850577], [-961.2933919663252, -11201.2000334183, 6650.1611092788025, 149.78608882230026], [-635.4622705774686, 4670.588724766696, -786.4868184398784, -20.842383992443427], [4535.328713486283, 0.0, -5156.23747882494, 577.3517663779875]]]",21,25,-4,4,1,1
site_0-6.csv.npy,12464.7934,site_0-6.csv.npy," [[362.1338098017845, 2369.0495464786563, -5157.8455453157885, -12464.79340117576], [0.0, 0.0, 0.0, 0.0], [0.0, 0.0, 0.0, 0.0], [501.7999978628621, -501.799997861524, 0.0, 0.0]]]",0,6,-6,6,0,3
site_7-14.csv.npy,7698.762116,site_7-14.csv.npy," [[1543.1981083806613, -5246.915340716401, 1354.9072768622327, -1165.1290182378204], [826.2758183588546, -7698.7621160245035, 1611.6420574903063, 3040.572872363161], [-2030.131304701427, 0.0, 967.1895107804205, 1359.3045042674369], [228.82119298178722, 6827.026198440952, -3988.4419944983397, -1203.3144950492774]]]",7,14,-7,7,1,1
site_21-35.csv.npy,11977.30663,site_21-35.csv.npy," [[-2336.7524809064557, 8380.406153800976, -835.0004312667509, -753.3344683816047], [-1354.2223078331756, -4923.971950716557, 1890.4920171550882, 3283.7677534436416], [-1904.766389643038, -2290.7192811941886, -126.74725264789585, 3318.809240857114], [11977.306628028617, -2631.0908298310246, 4373.504807522895, -7719.386149875982]]]",21,35,-14,14,3,0
site_16-35.csv.npy,39331.22663,site_16-35.csv.npy," [[-2892.967208117867, 8221.973572126966, 1108.3249857399503, 265.7391886287156], [39331.22663234644, -4011.546909761556, -13563.583669619527, -80.62328385716523], [-1045.0916920208065, -2653.197393567164, 632.9853470192738, 984.1670520372078], [-4924.107768657006, -5528.104456447818, 4638.276024624547, 1006.1459651075985]]]",16,35,-19,19,1,0
site_5-21.csv.npy,8657.568782,site_5-21.csv.npy," [[-1333.9560248885396, -31.326411582605765, -2135.5589688335167, 4780.872763660442], [4874.992534932153, -6810.8378980037905, -1721.0661403029383, 2437.7427288784747], [-565.0240313445441, 222.16413950796544, 2818.7409724734016, -2961.5846080041492], [-1972.791292944408, 8657.568782188328, 896.8767118136801, -4785.738091122144]]]",5,21,-16,16,3,1
site_16-25.csv.npy,13345.65811,site_16-25.csv.npy," [[-813.6428421314837, -5177.3209716422625, -1503.9199417625302, 3569.1552781455707], [7676.883051294158, -2628.0273988939907, 382.16600340523433, -13345.658109415868], [-2046.9943620197218, -1538.0274690677766, 2020.3855606247703, 1161.424356048097], [2176.4758964005878, 0.0, -2172.222008838042, 935.4746967898966]]]",16,25,-9,9,1,3
site_5-31.csv.npy,11564.33705,site_5-31.csv.npy," [[927.5667111522417, -755.2664382385229, -3533.1697852558104, 3988.7544822339496], [-1884.5958478998932, 11564.337053620791, -2797.997834620647, -3740.7865708445315], [1201.2775842978594, -4366.273755666393, 1456.6863812925176, -531.8112571513038], [-126.02681579266084, -5215.34996251805, 7029.881676517109, -1339.8986240255153]]]",5,31,-26,26,1,1
site_18-20.csv.npy,18308.1593,site_18-20.csv.npy," [[-2975.268760842923, -5762.364535807071, -2759.0024479026483, 9105.832297183422], [2959.4387909719235, 18308.15930461061, -2498.915864110083, -5426.353263916727], [2396.035444385109, 84.16115021594351, 2149.3532580715214, -4119.58358322764], [-637.4698926923677, -2425.903239111196, 1974.6557383341994, -880.4233413472323]]]",18,20,-2,2,1,1
site_18-30.csv.npy,3808.322472,site_18-30.csv.npy," [[-1181.0407569232052, 0.0, -933.4602430309259, 2087.3508880630256], [-585.4939536294443, 1152.7764021094247, -3622.2775534816524, 1025.5960621536053], [1029.2461388317395, -3636.7664370987586, 2849.5470107212827, -3808.322472171457], [-712.7515191153357, -2515.7090771840913, 1217.6055325123664, 838.6235718560271]]]",18,30,-12,12,2,3
site_9-11.csv.npy,12996.9711,site_9-11.csv.npy," [[-3464.6142299850662, 3230.9229649869276, 4363.14931364782, -3204.066047546946], [-7301.553659306382, 0.0, -298.8341862058259, 12996.971097783116], [4860.232429214374, -2411.0997179612355, -1564.4267223889462, -1324.0828434867658], [848.6081554438347, 0.0, -3847.412291431541, 3759.7230503064934]]]",9,11,-2,2,1,3
site_8-38.csv.npy,10526.42271,site_8-38.csv.npy," [[2896.402724470419, -10496.170911748015, -954.6128350170519, 2789.635325816083], [815.5248186483867, 10526.422709642722, -1266.8983451939607, -7061.205371835065], [-848.7053103823583, -10306.29898959627, 3482.3050969987453, -369.21283957550526], [-1587.452488384911, -2391.7283602003536, 864.3022868120948, 1974.4729858322305]]]",8,38,-30,30,1,1
site_8-28.csv.npy,10919.39163,site_8-28.csv.npy," [[1605.2613390143222, -6208.922678359756, 1240.6502906780615, -1140.1707672605726], [-3872.6951814785875, 10919.39163401005, -3909.591754240871, -1679.17331415814], [876.0640381481596, -6239.496038930947, 107.47375178392495, 3256.505223695893], [1022.5443097507973, -5018.7957660023, 3736.4844723502993, -1485.1365648014687]]]",8,28,-20,20,1,1
site_24-34.csv.npy,13425.02651,site_24-34.csv.npy," [[1619.0508659929967, 29.562597811550567, 1366.9398426149953, -2582.839126016843], [-7335.634007784722, -4682.977387911988, -5921.6084243263, 13425.026511222963], [-516.408097545063, 0.0, 4569.239316093294, -4879.751697041316], [2263.034165941626, 971.828806177051, -2254.092598183002, -550.6229395678964]]]",24,34,-10,10,1,3
site_2-15.csv.npy,10179.01145,site_2-15.csv.npy," [[678.7160256643584, -1304.2286465772536, 535.4970246874637, -66.82455688153168], [-5431.706126648182, 10179.01144704388, 515.2052484946989, -1741.9805358739716], [274.8803854564724, -9156.496011583018, 1398.194433998386, 1394.249210935718], [2512.0080219431206, 844.6841669310248, -390.0283824984182, -2655.3198294957124]]]",2,15,-13,13,1,1
site_13-24.csv.npy,13871.5479,site_13-24.csv.npy," [[1161.4326199354539, -8942.559987626388, 377.3477475727087, 1185.0851317032132], [-2061.074984324578, -13871.547904343972, 0.0, 11593.179101138632], [2387.5879179193485, -4327.358281052382, 519.5537699140702, -1265.6785520120393], [-685.9325087595477, 10381.93607280894, -670.0701601189119, -5305.031695966818]]]",13,24,-11,11,1,1
site_0-30.csv.npy,31370.72147,site_0-30.csv.npy," [[-5392.4677777358365, -31370.72147006444, -12324.212006095015, 10884.452710375466], [0.0, 0.0, 0.0, 0.0], [0.0, 0.0, 0.0, 0.0], [6518.334286852038, 0.0, 0.0, -6518.3342868507725]]]",0,30,-30,30,0,1
site_13-34.csv.npy,18880.22866,site_13-34.csv.npy," [[1494.2820093550054, 308.55119155647145, 1402.706533159233, -3243.6608676994892], [18880.22865635979, -1340.7815997508221, -6736.060007791779, -5419.5470819051925], [-261.96779860666965, 1283.621079880768, 1842.585898199281, -2945.829261836608], [-6259.935916536548, -4827.201924521401, 1160.84420145268, 6398.862834910691]]]",13,34,-21,21,1,0
site_0-20.csv.npy,32067.15253,site_0-20.csv.npy," [[-9309.818477221539, -32067.15253264744, -2893.9201318682663, 6960.174925276846], [0.0, 0.0, 0.0, 0.0], [0.0, 0.0, 0.0, 0.0], [0.0, 0.0, 4169.599900173645, -4169.59990017237]]]",0,20,-20,20,0,1
site_10-28.csv.npy,14455.89968,site_10-28.csv.npy," [[-1514.6234944590321, 4930.50064972181, 520.6548494703029, -1284.621845956508], [14455.89967517371, -9190.241532302882, 734.4719323652766, -4349.38157470983], [-2166.588949730069, 4807.771009644288, 1688.3115813055304, -1300.7957779810001], [-1261.3205088323316, -6274.848149906736, -1762.0701948162105, 3171.5414985828115]]]",10,28,-18,18,1,0
site_10-38.csv.npy,16396.49621,site_10-38.csv.npy," [[-2242.309403445669, 16396.496205520714, -1835.788697486298, -1048.9712276413868], [0.0, -3072.4647624134113, 0.0, 3072.4647624134004], [1117.6305460494607, -3770.010648573646, 1517.3901274918935, -156.93015838571336], [1659.523409187522, -4925.3089646270255, 388.6890078764724, 490.10208458537016]]]",10,38,-28,28,0,1
site_27-38.csv.npy,12586.22087,site_27-38.csv.npy," [[3027.667577932075, -12052.96368645403, 1138.4633627100513, 5846.48111517552], [-1689.4374747863815, 7226.915348767349, 261.11528072766987, -2919.8026545791063], [-2414.2797357194204, 0.0, 2715.12732185857, -1331.8980646230293], [1085.9292680000167, 12586.220865047775, -2194.312342956866, -4213.112023755316]]]",27,38,-11,11,3,1
site_27-28.csv.npy,8307.780829,site_27-28.csv.npy," [[3795.8010813062892, -8307.780829023015, -296.1321561134666, -360.03276728694163], [-1204.7764440347114, 0.0, 0.0, 1204.7764440346984], [-2236.9881641250095, -6537.082127698974, 1090.420202313983, 3909.4822208482847], [-792.5972844397897, 7553.122955912137, -1081.546004398095, -3468.379497513832]]]",27,28,-1,1,0,1
site_1-19.csv.npy,12752.23988,site_1-19.csv.npy," [[2622.5369775534887, -4746.028471100225, -4356.320395129946, 2080.901114244929], [-1884.865612928472, -1629.980047468481, -1377.8835815333848, 4088.4736934745706], [363.8723755403265, 1722.7194027809296, -1189.3005858811498, 18.40838138478481], [-1041.9556476487492, -1955.2465889603116, 12752.239877910777, -10020.957901496897]]]",1,19,-18,18,3,2
site_4-36.csv.npy,7654.318455,site_4-36.csv.npy," [[-1616.2262211419593, -4159.120348303946, -3373.144720733285, 6808.084218416812], [4945.869603126428, 7647.542187614324, -396.7937657322772, -7654.318454948663], [1086.8743798749276, -837.700140044937, 2157.228427295219, -3463.9548064027163], [-602.8972037471756, -1499.0272015051942, 2048.448460487277, -421.10571527871974]]]",4,36,-32,32,1,3
site_17-22.csv.npy,18546.62424,site_17-22.csv.npy," [[-34.97918261960426, 18546.62423732388, -3455.611183710261, -3791.565709233293], [-2660.843646166155, 3508.4813189571746, -1068.4562247657088, -963.6478134781269], [360.98787324025704, -7730.510523840764, -246.12435179504564, 5196.815430607827], [76.78498952790798, -9827.317570677586, 5271.517399586492, 2184.4722596389315]]]",17,22,-5,5,0,1
site_4-26.csv.npy,16010.68387,site_4-26.csv.npy," [[-4466.659204209915, 16010.683867417118, -2091.5277152014824, 1293.0904391987553], [4448.443883768917, 0.0, -3842.337914410284, -462.5024859557595], [1767.7103770651238, -4779.977200178021, 2443.8747593200196, -1820.8283942813334], [935.8861900905845, -2160.7482375372438, 2371.649856258449, -1521.101992747652]]]",4,26,-22,22,0,1
site_17-32.csv.npy,10087.85917,site_17-32.csv.npy," [[1408.914116636254, 6040.42735552783, -1137.2065850576219, -3236.589917820375], [0.0, 8163.969680233264, -2699.490480479355, -1801.585962998957], [-1614.7416922923483, 1622.3086061323568, 501.0877994693498, 406.7235380764171], [540.8602579551116, -10087.85916675866, 1184.2783409504186, 3691.559376103597]]]",17,32,-15,15,3,1
site_20-32.csv.npy,7369.247924,site_20-32.csv.npy," [[1007.1446056378018, 1530.6033153459193, 1280.182118532389, -2552.1722788141324], [-2826.6787158687125, 1540.4641419866623, 628.4685410212353, -311.821720021047], [4034.5346261766063, -7369.247924085267, -297.6028909898663, -2278.811302806126], [-4263.722121199398, 873.948708281183, -1331.8687965702409, 3355.711817308058]]]",20,32,-12,12,2,1
site_15-17.csv.npy,8804.101679,site_15-17.csv.npy," [[-2683.599686112108, 8804.101679399537, 437.4576899917958, -365.38336015244425], [5228.201530465831, -8185.396847131087, -820.89639440742, -3973.3447929849717], [-225.32405302364631, -4237.628260728531, -659.406094838603, 1333.0216649697627], [-863.1122808542799, -1103.5980617491937, -1886.8933922632464, 2601.793269102936]]]",15,17,-2,2,0,1
site_6-13.csv.npy,7162.137689,site_6-13.csv.npy," [[997.7334374054958, 1392.6125692059575, 595.5322086816436, -2338.7214559855674], [-429.6242564553624, 7162.137688617935, 123.33862651140774, -3685.7330300306608], [-2460.3396026636437, -6197.176037430898, -198.73456300882557, 4553.763788275196], [2887.5182822176107, -4549.54122644932, -492.2893143267621, -1302.793777453332]]]",6,13,-7,7,1,1
site_20-22.csv.npy,7999.643928,site_20-22.csv.npy," [[1687.5838974302608, -1362.439901633861, 589.2578794503937, -1192.3789773200706], [0.0, 0.0, -2375.901841656498, 2375.901841656452], [24.756611966320836, -5657.109018047712, -338.2248020879866, 3010.3449734469264], [-2232.3030702896854, 7999.643928483132, -200.96565434521108, -2128.810321503772]]]",20,22,-2,2,3,1
site_8-16.csv.npy,12575.43231,site_8-16.csv.npy," [[1224.2163064650565, -6954.106270398472, 758.3571882858483, -1031.4795178566585], [-2763.191501099971, 4796.910575982899, -1326.85635838831, -33.59577292730652], [-289.53031245943635, -12575.432305597738, 3360.393740563273, -449.97712655399215], [2668.68356648651, 2973.363420636849, -2149.994451773456, -1458.1319064124402]]]",8,16,-8,8,2,1
site_19-37.csv.npy,5863.518637,site_19-37.csv.npy," [[184.57751382358006, 5816.933384829003, -754.152506904385, -3064.183229335708], [0.0, -2239.7993016390005, 0.0, 2239.7993016389814], [-126.62647768991853, -5863.518637279953, 1183.9728780380253, 173.70312268729595], [324.4944126361013, -4259.5269769032575, -354.1137474427859, 1181.756083147407]]]",19,37,-18,18,2,1
site_19-27.csv.npy,4529.09017,site_19-27.csv.npy," [[3280.05613858215, -4310.1430727261595, -165.33634179829806, -2611.6053016861865], [-2967.0660947558476, -3417.7507885192954, 555.5636270775186, 4529.090169543215], [365.3087458651609, -1933.768631410632, -3982.166631924264, 3526.502249515858], [-2748.2044322520574, 4485.397551380307, 3457.3528503484736, -3737.7724740696067]]]",19,27,-8,8,1,3
site_1-27.csv.npy,12204.89129,site_1-27.csv.npy," [[3712.9532679022805, 8195.843989896384, -150.71811728694698, -5322.848999195873], [-1925.8294702003982, 0.0, 2739.9785588508853, -965.2001615933517], [-1261.1320833950974, -2202.374372399898, -165.13498389841303, 3857.175305072573], [-2563.0770080568163, -12204.891293276653, 474.48184001311347, 5535.853428725795]]]",1,27,-26,26,3,1
site_12-33.csv.npy,8308.817189,site_12-33.csv.npy," [[-797.627319234296, 5270.166053879178, 247.0665906351232, -127.69210683038693], [-4461.508722534887, -3442.684390312592, 1176.6892955087353, 5993.037755840806], [-2139.1289239989514, -6743.311263896473, 4180.139008045337, -630.7613412893024], [8308.81718865693, -516.2066653320989, -2128.3303353830875, -5564.122223061078]]]",12,33,-21,21,3,0
site_1-37.csv.npy,11680.78013,site_1-37.csv.npy," [[425.69501497179334, 11680.780126481815, -290.680498679111, -3491.1758951025126], [937.5564802632101, -3459.687185149777, -1294.371482725458, 3511.2186195053782], [618.3434008703787, -4260.880968366817, 2600.1624422589834, -1358.594048486107], [0.0, -8467.289359473467, -4767.581166109508, 8207.14304269279]]]",1,37,-36,36,0,1
site_12-23.csv.npy,5961.357199,site_12-23.csv.npy," [[1776.2277195097533, -4659.6186480362785, 1663.71847781959, -918.2343109430369], [0.0, -4165.551288408291, -3896.0784850888135, 5961.357198545233], [927.5118661965226, -2586.9619688997554, 1512.1789382536003, -1409.7461410050735], [-1654.992581857124, 5483.615102134158, -2509.1931413309753, -3793.255679422793]]]",12,23,-11,11,1,3
site_3-12.csv.npy,6187.620865,site_3-12.csv.npy," [[-1170.2721711739393, 4323.207394043589, -3700.126374228852, 3125.3225159782464], [-5998.650167186044, 4075.6377605995167, 1967.849873019067, 0.0], [4057.7964353582083, -6187.620864764016, 1524.9157343945042, -5064.617162206001], [-1579.6595960443447, 114.62530047842941, 986.0370604748116, 1081.942256513821]]]",3,12,-9,9,2,1
site_25-33.csv.npy,14657.68471,site_25-33.csv.npy," [[6077.030699478409, -6483.173631012025, -596.3423861184489, -2949.3638765227884], [-5107.58490370939, 14657.684708867942, -7008.999329090274, 4966.699633034046], [192.5089000129052, -2682.960998159662, 306.6005910876081, 757.1783906073327], [-5533.739653454747, 10407.589917224343, 2892.620029241127, 1458.785378334591]]]",25,33,-8,8,1,1
site_10-16.csv.npy,40337.63537,site_10-16.csv.npy," [[700.3938412760104, 40337.635365702205, -4048.5684995734377, -3447.012025188994], [151.94179370834667, 1275.4456858223903, 1695.8120727534326, -1651.3590323692213], [277.49669876343984, -15758.491435543569, 1250.1262762107572, 6275.892754524891], [-137.62061977358147, -7546.196194005898, 3768.7019718435454, 302.4106332353002]]]",10,16,-6,6,0,1
site_9-10.csv.npy,6920.650889,site_9-10.csv.npy," [[6561.390031817573, -4956.056089868584, -2893.0487957817927, -2128.9878343645223], [0.0, 4482.281111769212, 4921.459349460715, -6920.650889461512], [-3000.5159836208763, 2124.2299697941166, -155.57705107556657, 3665.432298313784], [126.45293296144247, -1954.402307911822, 1407.7253907946242, -1211.0178659436508]]]",9,10,-1,1,1,3
site_18-31.csv.npy,6131.95588,site_18-31.csv.npy," [[-2377.724539475118, -3963.1144534465197, -2050.9097889629325, 6131.955879986339], [-3604.846934847191, 4565.895842848678, 2864.082027043072, -3691.1676155101113], [2279.6011803645883, -3095.2542694020144, 1374.4252650006767, -1974.8864266073797], [3057.137373779795, 1887.5325197128552, -2132.3397057038196, -1121.0334769896524]]]",18,31,-13,13,0,3
site_18-21.csv.npy,9274.302145,site_18-21.csv.npy," [[-2618.49088760322, -2199.0298532017673, -1628.2834240860027, 7316.577405314215], [5540.244713310527, 3518.102420388963, 989.3014295474795, -9274.302144742107], [-212.96514762596843, -2319.8818895724394, 2081.2541548204395, -1808.5281415296822], [800.7703739857783, -451.6716992443444, -877.8529470283661, 335.8825289375746]]]",18,21,-3,3,1,3
site_8-29.csv.npy,14392.99119,site_8-29.csv.npy," [[-3505.115888082114, 0.0, 3790.49632386606, -546.4279498096683], [14392.991192735377, -3553.8645398752255, -3329.4498501715448, -4252.435906750868], [114.07962385611009, -8446.220322020072, 977.9409096206233, 974.3448582837807], [-3898.877036620128, 1519.052403815045, -384.42297253519234, 3397.392037899965]]]",8,29,-21,21,1,0
site_8-39.csv.npy,7534.13587,site_8-39.csv.npy," [[-1053.6969845229971, -3312.4760120674837, 2694.9759913835846, 0.0], [-5698.603683843143, 2917.496807794741, -1356.9679661366272, -2283.835643075447], [7534.135870030082, -4621.372405492999, 1576.4781373197313, -4932.61166753694], [-2142.8150269243038, 3553.5228221534276, -2545.6794065640647, 0.0]]]",8,39,-31,31,2,0
site_22-38.csv.npy,14556.26366,site_22-38.csv.npy," [[-1644.6640728489454, 0.0, 621.2212922240107, 1090.734667798811], [1877.7326571974309, 14556.263655564986, -4104.416420139499, -8825.294279775502], [-1033.4992446384467, -8544.657877632711, 1213.9021194193829, 1924.0240901826805], [3277.095381877981, -7914.047979933376, 2039.1283130660354, 1249.5876542777612]]]",22,38,-16,16,1,1
site_2-9.csv.npy,10182.60719,site_2-9.csv.npy," [[-2188.700364496246, 7002.477889644408, 620.6475430449663, -1542.9845296470487], [3827.2996356413296, -10182.607191280837, -6074.895666396594, 6956.470218088542], [-1049.9971044054205, -2007.443426456344, 1385.7177417407884, 200.42700323250287], [-1788.1744935519991, 0.0, 1788.1744935519919, 0.0]]]",2,9,-7,7,1,1
site_22-28.csv.npy,6184.806832,site_22-28.csv.npy," [[-1703.6124163721322, -5502.529418650019, 1811.131486479784, 4403.0917543342075], [-1236.8040066838919, 6184.80683223886, -3639.350732486832, -2170.6403816483585], [-865.052581513687, -5554.047790956076, 866.3392896738669, 1634.5706985053193], [5086.854046897126, -2292.137817000744, 458.7911155780952, -3555.1085194891466]]]",22,28,-6,6,1,1
site_4-19.csv.npy,7604.77128,site_4-19.csv.npy," [[-1472.5593926058493, -2768.347561076324, 7604.771280477971, -3129.795919736564], [-2382.5595478404493, -826.5083825183357, -784.8023103134758, 2265.2943097453467], [2884.439465754548, -633.1936382161568, -3210.398986472902, -537.7064059144544], [711.0410941181885, 1331.8731106430362, -3643.1873040395876, 2846.4856607308043]]]",4,19,-15,15,0,2
site_15-28.csv.npy,18840.58723,site_15-28.csv.npy," [[-1247.2577847411117, -4293.217549679226, 1093.753481274707, 2911.0080044298816], [242.28979690830027, 18840.587225726893, -3168.1402562750573, -10601.402507984576], [3243.2697383116583, -7540.640916700082, -157.18131032238574, -135.21717572383164], [-1331.189069541714, -8523.902245930418, 610.1744122064897, 3889.5145772901524]]]",15,28,-13,13,1,1
site_15-38.csv.npy,7573.961473,site_15-38.csv.npy," [[-394.1909743675542, -400.76589101776335, 1143.060601480043, -803.6813280347026], [7573.961473400705, -144.82862863917123, -2041.802649871646, 0.0], [1087.7552469499544, 0.0, -566.1549237193362, -123.53310731849601], [-1831.8226444089582, -5857.630529263092, 6.2710917644597215, 1710.615121681144]]]",15,38,-23,23,1,0
site_5-30.csv.npy,13711.4,site_5-30.csv.npy," [[-280.7219961652897, -4970.1654208165355, 954.1514290962458, 736.0161730773101], [-3040.086963948138, -3748.7629679017364, -3169.0730779595115, 11424.457118606375], [2662.6457788420626, -3350.817684501587, 1830.6090881935613, -3376.6964472698883], [-1123.3428763118216, 13711.399999415533, -1025.509434584176, -5052.059186069328]]]",5,30,-25,25,3,1
site_16-24.csv.npy,10456.88089,site_16-24.csv.npy," [[3122.9094930857345, -6887.974014552624, 283.2103754074151, -408.8440908292183], [0.0, 3979.7162458226894, -10456.880894911805, 862.590790007328], [363.85770003823313, -5182.391798199185, 2662.9476304956997, -1834.7754453494088], [205.85505007272758, 928.1466658119466, 110.69335494162978, -776.0799795989292]]]",16,24,-8,8,1,2
site_5-20.csv.npy,7924.431471,site_5-20.csv.npy," [[-764.8030716155956, -3647.7474829034113, -2220.8079450421505, 4377.318364634681], [-3851.8855868107657, 4052.880086997293, 7924.431471421744, -2811.566787061732], [1074.4527547797738, 990.9050930428544, 1067.4681781653667, -1791.0476022894097], [2130.656859591333, -4008.168951169541, -1234.1617757265597, 701.0981812398801]]]",5,20,-15,15,1,2
site_16-34.csv.npy,11201.24288,site_16-34.csv.npy," [[-528.2106599352346, -730.8941170599737, 1267.0971907602911, -422.4870530035711], [492.0647384036794, 5907.001869187009, -11201.242879051268, 5129.525130524353], [387.2286598783362, -1153.312941189926, 3641.144035666989, -3964.387644773258], [-40.16940203220249, -273.5951391086395, -1069.592883181177, 1385.289483033232]]]",16,34,-18,18,1,2
site_21-34.csv.npy,11531.87036,site_21-34.csv.npy," [[5434.5868685344985, -2125.131728438806, 1112.0314405419451, -6416.222376069878], [0.0, 4999.369477656821, 327.18096525986914, -3287.747765734799], [-157.60532715774787, 0.0, 1600.706903265321, -2123.5522370930335], [-4819.8229537171555, -6381.505056575614, -1998.151119528714, 11531.870364666136]]]",21,34,-13,13,3,3
site_21-24.csv.npy,14491.35568,site_21-24.csv.npy," [[1305.8130250393215, -7661.155060164293, 2259.948868108474, 6.574341219436776], [-3051.908393600877, -7412.021405981689, -1998.3837634001356, 5584.947457296665], [756.3557965160134, -8395.541832600189, 2549.3581107785903, 47.43581094272461], [-1132.6585947969322, 14491.355675661767, -4346.588964138236, -6866.736551192388]]]",21,24,-3,3,3,1
site_7-15.csv.npy,14439.60613,site_7-15.csv.npy," [[-1043.452988867294, -2927.8309183312767, 2560.9685622390484, 691.7501959451723], [10073.94460290176, -3634.903635005609, -1778.9044232206277, -1255.3671230526365], [1198.9596221897068, -8231.33392685337, 2001.0512497829009, 1681.0172365673918], [-5357.62184121901, 14439.60613245126, -2488.235895959302, -3297.547548341854]]]",7,15,-8,8,3,1
site_0-7.csv.npy,8270.216191,site_0-7.csv.npy," [[-1723.486124587023, 5263.925300960634, -6064.825206814694, -8270.216191107937], [0.0, 0.0, 0.0, 0.0], [0.0, 0.0, 0.0, 0.0], [2712.8747944159604, -2712.8747944146435, 0.0, 0.0]]]",0,7,-7,7,0,3
site_32-37.csv.npy,9100.643567,site_32-37.csv.npy," [[92.35640259141968, -4553.424512352075, -73.09665856821904, 1037.767821449705], [-9100.643567424693, 3676.3036715049852, 0.0, 4951.6378946411705], [3150.946169222517, -413.14322327984297, 754.1449006411179, -3878.593568956839], [638.3590805556211, -3557.943899951078, 3397.4633600051584, -1447.4091187417791]]]",32,37,-5,5,1,0
site_0-21.csv.npy,1860.34072,site_0-21.csv.npy," [[-1468.1546916743391, -1791.584081161394, 1860.3407198714606, -1279.702915113092], [0.0, 0.0, 0.0, 0.0], [0.0, 0.0, 0.0, 0.0], [1375.9864620510232, 0.0, -1375.9864620497142, 0.0]]]",0,21,-21,21,0,2
site_13-35.csv.npy,11373.81743,site_13-35.csv.npy," [[-2870.7223147865757, -1737.287524502448, 1507.0749487750206, 1869.7797658641423], [-10101.70280103176, 6635.405504738103, -3755.082618011674, 1401.5711830916775], [-2182.4451918442915, -2311.369603650517, 1287.7332944613252, 1550.2110602454864], [11373.817428259632, -3869.3613800704197, -453.21580779580853, -5153.670237251975]]]",13,35,-22,22,3,0
site_0-31.csv.npy,0,site_0-31.csv.npy," [[0.0, 0.0, 0.0, 0.0], [0.0, 0.0, 0.0, 0.0], [0.0, 0.0, 0.0, 0.0], [0.0, 0.0, 0.0, 0.0]]]",0,31,-31,31,0,0
site_13-25.csv.npy,13655.80097,site_13-25.csv.npy," [[651.495497173686, -7228.242687245821, -560.0111404987629, 1748.7810079648355], [-3599.4159408823316, 13655.800967669089, 5232.679799758323, -7311.5234979210145], [287.80163162457774, -3613.572486771394, 1252.2818103971408, -698.1439472293655], [1095.855072722389, -673.8725835973485, -1747.6403477038662, 782.7734425235302]]]",13,25,-12,12,1,1
site_24-25.csv.npy,7235.794227,site_24-25.csv.npy," [[397.0449386760154, -3992.780453984857, 382.57533119881924, -58.05298906798784], [5219.891392536926, 0.0, -7235.794226712279, -1322.21288165735], [-898.5491665881923, -153.8111033872075, 2392.4275522289786, -524.6107995235234], [-2709.3238664371306, 3922.4979481759806, 647.2023130896267, 495.57551525560035]]]",24,25,-1,1,1,2
site_2-14.csv.npy,20034.17711,site_2-14.csv.npy," [[3548.3732776730194, -8838.176579939167, 524.8310967190386, 408.79698667527504], [-2603.0568119699183, 20034.177105693245, -4859.10276453358, -2583.836268962345], [-373.880262358683, -4845.461764428511, 2166.4876586141268, 443.94298037566733], [-1507.938252974682, 0.0, -1857.7353323124612, 2730.194174504606]]]",2,14,-12,12,1,1
site_24-35.csv.npy,9614.019428,site_24-35.csv.npy," [[-2715.7462048672296, 1835.1357470129865, -100.20382916183671, 1197.2979172802336], [9614.019427736517, -7312.595765567683, -1809.7693864866385, -5358.394168612013], [-456.8820693489444, -1586.2074528139553, 663.9357692783083, 178.69089151020893], [-2366.14757021404, 270.6155927144949, 191.73286485936754, 1067.2123748786094]]]",24,35,-11,11,1,0
site_27-29.csv.npy,10182.46024,site_27-29.csv.npy," [[-5521.710006484529, 6848.313145449545, -141.89933048017713, 1177.8436692666096], [-4247.349373042347, 10182.460239798542, -2913.400406876441, -56.14435498872561], [1296.1618810413947, -7735.235235654857, -19.475054433572595, 1618.4460898075145], [4624.516213317368, -6093.149436271785, 326.5698523597285, -1952.598681070269]]]",27,29,-2,2,1,1
site_1-18.csv.npy,24769.55195,site_1-18.csv.npy," [[-3691.7455165565784, 6268.459733619274, -481.00725909723866, 786.4700941081894], [-2853.847237106623, 711.6974687236847, 2228.4748460400506, -1455.203019953744], [-4140.943123097311, -994.0043476261708, 3292.258864033228, 671.140772412933], [24769.551945578613, -13017.38755638812, 0.0, -4787.1265571616195]]]",1,18,-17,17,3,0
site_27-39.csv.npy,6927.099124,site_27-39.csv.npy," [[-1853.3873015457575, 1236.9473310104993, -744.136073275749, 2702.2030802709287], [0.0, 1675.5340718812993, 1449.605204297337, -6927.099124258468], [4654.677066845905, -3520.788582221838, -839.9224955506423, 5374.036761157598], [-2969.123990055029, 320.0347188510722, 503.3443792421319, 0.0]]]",27,39,-12,12,1,3
site_10-39.csv.npy,3576.964365,site_10-39.csv.npy," [[-1299.2279352287062, 2488.931215211636, -1563.4351279987238, 0.0], [-2267.409989625858, -1229.6498495665642, 2870.283538311566, 0.0], [-838.683650035446, -1818.1653604358896, 1165.0517784034769, 3576.964365156238], [2770.9245653775515, -705.8412597067771, 55.141459654789095, -3189.8126348716332]]]",10,39,-29,29,2,3
site_10-29.csv.npy,7418.48126,site_10-29.csv.npy," [[6920.0724723521835, -7208.982367306234, -615.4550766641017, -1404.2478500823804], [-5071.680835838389, 4094.697429286232, 1216.0036458929699, -98.64058619562341], [-3706.640904801587, 7418.481260130046, -430.4937349886477, 1327.7447594467535], [-2221.7992805229346, 510.82771538028084, 1354.450760852613, 392.5427300833543]]]",10,29,-19,19,2,1
site_28-33.csv.npy,9950.3028,site_28-33.csv.npy," [[-2724.693807139895, 6307.248297034951, 1481.5846852575, -1721.2333195430685], [9950.302800037565, -8667.91639094388, -5826.732272574956, -3002.953099318746], [-1135.6279237101053, -550.4674804905799, 2395.9352393496033, -972.4525977893202], [-922.4554291748497, -2584.70048076529, 320.87454807743705, 1666.3255416361571]]]",28,33,-5,5,1,0
site_4-8.csv.npy,21086.23533,site_4-8.csv.npy," [[-5759.838275620106, 21086.235332676057, -2937.912869768243, 4253.228767290244], [-2240.681361210384, 2035.8465946589483, -112.04316878912178, 0.0], [2935.332045798545, -5132.74407211972, 1868.249398935506, 654.7155340597612], [3092.1076628419573, -5764.566689353221, 774.5660367646644, -682.8508282210869]]]",4,8,-4,4,0,1
site_36-39.csv.npy,9173.018109,site_36-39.csv.npy," [[-2171.698300614364, -2357.789433470592, 3334.85548228697, -5390.1978135644085], [0.0, 2890.8277165783766, -2890.8277165783984, 0.0], [207.89574676672055, -3812.50633536562, 2097.9155823421656, 8898.3978514827], [9173.01810898438, 3743.7346754143477, -5332.787403427049, 0.0]]]",36,39,-3,3,3,0
site_26-36.csv.npy,6527.83734,site_26-36.csv.npy," [[-462.1063946920946, 6527.837340326728, 1692.508972068942, -5072.7306352314035], [-2568.824834088881, -4601.1176082351185, 4975.368949281504, 1878.9410139486363], [680.8461469135308, -815.8984343473379, 513.1329759323044, -2649.53728098063], [812.765176970473, -4816.203378007377, -3606.877313752291, 2187.530959268501]]]",26,36,-10,10,0,1
site_0-17.csv.npy,24068.78388,site_0-17.csv.npy," [[241.70376876482482, -24068.783878725182, 2341.9118716151384, -5809.7064534826695], [0.0, 0.0, 0.0, 0.0], [0.0, 0.0, 0.0, 0.0], [640.5855320292778, 0.0, -640.585532027995, 0.0]]]",0,17,-17,17,0,1
site_2-32.csv.npy,8898.584454,site_2-32.csv.npy," [[2470.60206241034, -1239.6796308192443, 1070.4069073783492, -2206.911399548322], [-1985.2302062842073, 8898.584453538864, -3117.494895778866, -1538.2679481393045], [-1030.639365784779, -7557.83315212442, 1537.4335696687958, 2645.979931305726], [-717.8074435667793, -641.5854086836416, -789.7282220824046, 2881.832493393781]]]",2,32,-30,30,1,1
site_11-26.csv.npy,4713.876162,site_11-26.csv.npy," [[-343.67565347274194, -3362.9039279581352, 3077.91018776188, -1381.231527581153], [-356.6109063226614, -4478.249806541308, 88.77468061219216, 4713.876162267281], [-1464.8237561650499, 2236.960139947131, -1650.4906502333051, 1693.5316834608263], [1922.1672596418387, 2154.358124944454, -1328.3975267284827, -2816.877188197715]]]",11,26,-15,15,1,3
site_2-22.csv.npy,15542.90869,site_2-22.csv.npy," [[-744.5677248136391, -7618.8655289678845, 460.73600887839433, 3894.658299116229], [-5278.712156374089, 15542.908688206182, 623.8063781908933, -7628.557841416847], [2902.812984841383, -6051.745841624982, -386.57394450066994, 391.59406661095113], [1836.170022427722, 443.138829836918, -1893.2473877956816, -287.9107826970269]]]",2,22,-20,20,1,1
site_11-36.csv.npy,11065.71892,site_11-36.csv.npy," [[3288.423523449503, -825.0087771188502, 103.39436892252294, -4281.214205109809], [5753.139708714469, -3505.516718776843, -2200.415797703648, -4491.167231767097], [-3683.968796840678, -7047.263847341494, -577.465021615042, 7912.399447039376], [-1526.4095374859894, 11065.718922231308, 772.3648091655409, -3488.6869450692707]]]",11,36,-25,25,3,1
site_5-16.csv.npy,11757.3477,site_5-16.csv.npy," [[-2538.9505867887465, 5565.258967807895, 842.4048965390351, -1868.6932161700804], [-3472.7732050589125, 9547.310237801168, -2885.5632014041325, 3418.735657185498], [6387.803135285557, -11757.347701745271, 529.5590005180964, -1607.3359756344144], [-1847.5631716261562, -608.6517188923505, 2210.6934902664366, -304.5831086169689]]]",5,16,-11,11,2,1
site_23-27.csv.npy,10129.47845,site_23-27.csv.npy," [[-375.4101210232305, -1634.0555260434717, 1931.3077491395002, -1540.216514589044], [-728.1661620758103, -10129.478449248452, 1924.1829373144349, 1766.9703815800226], [-953.6710727883506, -2713.7876294103844, 1592.6675494632932, -42.53724769096822], [2174.906555614994, 4785.5673157409055, -1414.441550339122, -2903.0183400106785]]]",23,27,-4,4,1,1
site_30-34.csv.npy,7034.463984,site_30-34.csv.npy," [[1026.7936842204065, 104.0710737097105, 332.27106488731033, -1261.857718182635], [-4125.374383985973, 6822.016963822718, 3422.2974362931714, -4782.662423233729], [523.3691898255698, -161.70374543225904, 3377.037759299016, -4391.450232066401], [27.56358678510838, -6077.013518717998, -4909.574500987205, 7034.463984134894]]]",30,34,-4,4,3,3
site_23-37.csv.npy,8235.852969,site_23-37.csv.npy," [[3521.033449461853, 0.0, 317.7218820402622, -4233.875729657279], [-1987.4461701643586, 1981.9573449421362, -1931.3386259678905, -296.10848486463595], [1246.190722820762, -3106.434029687513, 725.8430317521028, -1867.092595133981], [-1214.4149962828685, -8235.852968660483, 3369.6662328209522, 2094.4882414748013]]]",23,37,-14,14,3,1
site_7-23.csv.npy,9571.115585,site_7-23.csv.npy," [[419.0027771189114, -493.5179970626369, 1215.1449289120287, -1450.1381126002548], [851.642429958425, -3678.303517937859, 1423.551900979151, 1576.3032204386961], [1472.595859619672, -6429.26190205855, 437.2970756051313, 4093.660900753036], [-2295.1568664433194, 9571.115584692507, -2550.7413873565642, -5053.8469597178855]]]",7,23,-16,16,3,1
site_14-37.csv.npy,8551.001704,site_14-37.csv.npy," [[973.1464312030055, -2470.324234565412, 7.727697837676124, -68.79599989300912], [-2112.6184537383047, -8551.001704166732, -3215.437768077461, 7441.256014899086], [545.5571545079366, -1500.9473699530542, 1232.8404460118434, -1742.7193652924177], [-450.3261312535175, 5155.126118008488, 3747.766987363929, -3416.167330449238]]]",14,37,-23,23,1,1
site_7-33.csv.npy,8104.705552,site_7-33.csv.npy," [[-1232.1441423394217, 8104.705551688747, 335.138890184851, -3042.364389499812], [-2713.5309225417577, -3683.837444592649, 5292.96065427496, -299.51854333019935], [217.13821576212334, -610.4787204576941, 525.4423801012996, -1347.2923413103088], [2224.681973646131, -7106.469720424459, -2935.8180331863946, 1245.1265387151614]]]",7,33,-26,26,0,1
site_14-27.csv.npy,7991.600095,site_14-27.csv.npy," [[-1231.7795005326927, 0.0, -179.19090652940898, 2087.2368437325904], [-5230.68580647208, -7053.875723906381, -2118.4616461621354, 7991.600095360325], [-496.6553053572832, -3252.690396709253, 1962.6319303480636, -998.0604408345606], [5502.565244822406, 4031.9269527195916, 2919.1438954728856, -6727.122547973198]]]",14,27,-13,13,1,3
site_33-38.csv.npy,7989.013796,site_33-38.csv.npy," [[-1763.7782727307579, 7624.809219815728, -1556.4622371589087, 192.5419381208391], [5104.325383329134, -6984.877389995894, -2176.5483093847206, 7219.671599709747], [2386.0197001771257, -7989.013795790013, 967.0671294888147, -394.8085005912789], [-2245.0997180728396, 3305.935956768776, 2702.2173462172645, -2574.466701681207]]]",33,38,-5,5,2,1
site_9-36.csv.npy,6386.156809,site_9-36.csv.npy," [[-302.5342438483477, -2200.2874375066176, -3170.027204280151, 5833.524634011284], [-6386.156808567492, 5991.550459539651, 0.0, -1501.664304860555], [2235.3327068571016, -3088.146598721104, 525.5585103375047, -2265.0503669183577], [190.4777395911526, -1836.5121355244169, 4510.503789911648, -5058.781332543585]]]",9,36,-27,27,1,0
site_9-26.csv.npy,7385.128906,site_9-26.csv.npy," [[-2504.6452568768723, -2778.041707607742, -1874.5033984816555, 7385.1289060534755], [2727.252225525961, 4067.994150123624, 0.0, -5917.327173462558], [631.6293633946237, -2237.726816688527, 2004.4527615620495, -1237.3677161265596], [393.41062997209104, 2078.0723167507113, 2365.2986249459163, -3489.9664244329956]]]",9,26,-17,17,0,3
site_0-38.csv.npy,0,site_0-38.csv.npy," [[0.0, 0.0, 0.0, 0.0], [0.0, 0.0, 0.0, 0.0], [0.0, 0.0, 0.0, 0.0], [0.0, 0.0, 0.0, 0.0]]]",0,38,-38,38,0,0
site_0-28.csv.npy,19757.59274,site_0-28.csv.npy," [[-5705.993515073304, 13733.555522635383, -19757.592738090734, -11854.555642851023], [0.0, 0.0, 0.0, 0.0], [0.0, 0.0, 0.0, 0.0], [7304.849697524041, -7304.849697522784, 0.0, 0.0]]]",0,28,-28,28,0,2
site_1-4.csv.npy,17829.78308,site_1-4.csv.npy," [[-3604.6789951226615, 411.7511713225279, 3645.9635387715734, 593.8815881452044], [690.748000153349, 0.0, -613.4118815553404, 80.34073052350949], [-602.8437285916302, -2160.165117385378, -332.2334150816295, 2242.420355533002], [17829.78308193118, 2559.5648023882727, -6299.434664778497, -7913.934682373057]]]",1,4,-3,3,3,0
site_11-19.csv.npy,7578.954847,site_11-19.csv.npy," [[639.2840582329848, 263.9960034328363, -1498.4365424287462, 547.0851079203488], [-3019.3231802274067, -6194.0294027587815, -2261.288381268739, 7578.954847349502], [2067.1579848650713, 1130.0710123612835, 1069.7565277317522, -3304.8624663979017], [-2319.4895193261627, 5728.272187680379, 658.3196999042312, -858.2481766747575]]]",11,19,-8,8,1,3
site_27-30.csv.npy,17187.72984,site_27-30.csv.npy," [[3497.3949223912464, -891.5308457772171, 2961.09106148931, -6330.398010413484], [0.0, 17187.729843335732, -617.2311299870945, -7869.509223413403], [-191.97806545872885, -173.5948191587643, 678.3590815501915, -630.3208852816593], [-3081.1551396412856, -4837.0100396342605, -2416.825604515112, 8758.280818001891]]]",27,30,-3,3,1,1
site_12-15.csv.npy,13716.12263,site_12-15.csv.npy," [[-1193.7272077130197, -8141.847956126621, 1771.2666819037136, 2595.7822981580966], [3072.7824535584123, 257.9263560445851, -1015.7044850343229, -1686.7897830986224], [3457.4704657544216, -6371.066009208705, 1515.3870703835737, 878.2348357414695], [-4129.026290878682, 13716.122631325532, -3721.2537980097563, -5467.00616561042]]]",12,15,-3,3,3,1
site_1-11.csv.npy,10169.55799,site_1-11.csv.npy," [[-64.53166516484391, 5055.611067732158, 646.1456858715189, -3260.4370547487047], [2085.67474154033, -2653.5811205232203, 2674.2704030586565, -3070.504074040367], [3017.790529550796, -126.00214324274874, -6377.610177680703, 4038.812483644963], [-7777.380257540822, -8585.283605077402, 10169.557985811532, -2061.6655653837847]]]",1,11,-10,10,3,2
site_3-34.csv.npy,12495.30804,site_3-34.csv.npy," [[-4119.6914880052755, 3991.309055124168, -2489.486657496274, 4729.231051895082], [-5605.050424150969, -2833.971786138976, 0.0, 6514.105153164586], [350.9121089703509, -647.4312572481216, 4193.86904739174, -3861.193193469741], [12495.308043037092, -3575.919017117818, -1599.1483271896657, -2650.963700156919]]]",3,34,-31,31,3,0
site_10-20.csv.npy,9068.110864,site_10-20.csv.npy," [[-1913.5365596700174, -5737.367959771449, -2967.097706583544, 9068.110863687647], [262.5010370500266, 5249.828115321629, 2187.341736467713, -6208.558495590246], [-998.9313314271383, 0.0, 3578.343969907315, -3302.5631302538777], [4040.7442155522394, 1157.3003342652694, 1880.989458467564, -4241.420602386107]]]",10,20,-10,10,0,3
site_3-24.csv.npy,11325.69098,site_3-24.csv.npy," [[-1449.369221845241, 3099.096342513494, 301.7257759714553, -632.0753071690916], [3546.659246228403, 11325.690978851348, -9316.306783989361, 0.0], [1307.389217727031, -5339.870008219944, 1538.3185233574727, -1606.2600358961818], [-1094.0153969266075, -6113.169171152326, 113.50946835204054, 4670.671566742532]]]",3,24,-21,21,1,1
site_10-30.csv.npy,4110.374858,site_10-30.csv.npy," [[996.5509947541108, -3188.7393285930543, -396.91008027692277, 189.93537065227227], [-296.11191206553167, -3487.5778174292946, -2905.6925385998484, 3200.565198844212], [-234.38552895304883, -4110.374857534706, 497.7510611029611, 868.5266602624624], [-1177.4444233389347, 4106.222569403991, 1381.2783239597795, -2715.4252012613947]]]",10,30,-20,20,2,1
site_29-35.csv.npy,7867.209984,site_29-35.csv.npy," [[6915.990806773535, 0.0, -3996.7797381255964, -2201.5180936111806], [364.3934818713997, -719.169617140643, 7867.20998372546, -4273.289556357817], [-3022.8425009861726, 3195.6073973252105, -356.1380512311887, 1723.0557167590227], [-4088.178933033902, -2602.0475617515576, 2149.0435190759076, 2767.6295416926687]]]",29,35,-6,6,1,2
site_9-19.csv.npy,11307.4276,site_9-19.csv.npy," [[-2394.613616413666, -3917.3044119895712, 5541.638780439433, -253.10274962374197], [5184.022708888287, 11307.427600409897, -8285.515148342802, -6454.968091086661], [189.07799547790137, 302.43924565786693, -2936.1972607013295, 2644.374687505486], [-794.912071326858, 314.24080932893713, 1328.463194879056, -626.7629059771792]]]",9,19,-10,10,1,1
site_18-28.csv.npy,11544.04642,site_18-28.csv.npy," [[-3839.8105714366716, 9596.633482597817, -353.02217403077617, -1909.1152776607746], [9225.82024449498, -11544.04641677568, -1933.5348474260527, 3359.169460034797], [965.8976036613873, 0.0, 102.90724601864964, -1299.2435746611857], [-53.521873847493644, -2592.534238099497, 2557.646293393282, 95.93701953351132]]]",18,28,-10,10,1,1
site_18-38.csv.npy,11656.85596,site_18-38.csv.npy," [[-1941.9909877671098, 11656.855962937509, -1399.2151058931354, -2819.1564491208965], [224.480237517953, -5866.475047179325, 3802.317766392083, 2514.1412853253323], [-148.75916252049586, -11645.864145558846, 904.7145744001488, 1690.2835976198694], [3420.926443661916, -60.01605480055964, -1139.0206767528211, -852.5624870546081]]]",18,38,-20,20,0,1
site_8-30.csv.npy,6429.719198,site_8-30.csv.npy," [[1451.324163138449, -3562.733296246126, 2190.6432200177533, -3639.5082431009273], [-6378.2635305461745, -705.3942479959065, -28.859466208768005, 6429.719197711824], [-195.6306370600597, 4358.8937216911845, 772.610019983457, -3947.1471567220774], [3593.7944711805035, -5728.420388347823, -892.4886981184846, -518.6597319522659]]]",8,30,-22,22,1,3
site_8-20.csv.npy,10291.61574,site_8-20.csv.npy," [[1116.886175510396, 0.0, 905.4886072231772, -2419.3675985592913], [-648.8519662764937, -10291.61573715573, 8040.391622711472, 2062.1889865981066], [766.5012202953623, -983.86159077238, 961.6292393257602, -769.9343566820161], [-1559.3030975706135, 5193.970192375064, -3075.6744415879134, 1716.9753675280872]]]",8,20,-12,12,1,1
site_4-10.csv.npy,7635.278946,site_4-10.csv.npy," [[1456.7748811484814, 4453.592450956107, -3803.1814275896695, -1903.4002240628038], [-4860.735808866846, -6835.037054078804, 7635.278945653669, 671.7141445435824], [-538.1083516107806, -970.2618559686504, 152.4896042624178, 901.9306081468721], [501.8790562664586, -1104.4760444897752, -545.7337606743928, 448.77282836711004]]]",4,10,-6,6,1,2
site_31-32.csv.npy,16855.53366,site_31-32.csv.npy," [[2512.853880037143, -9222.39335174644, 2154.1952793488686, -284.7843568235959], [16855.53366229906, -730.4545293788882, -3840.978588125895, -2834.03536064878], [-3280.1486379248317, 935.3560527191609, 1992.2446922133884, 2554.3795146836405], [-742.789868984724, 4072.2995357245745, -1273.646957136159, -729.2962792739255]]]",31,32,-1,1,1,0
site_22-31.csv.npy,15003.40963,site_22-31.csv.npy," [[416.7132676380858, 0.0, -600.4421633491266, 204.77000711077108], [2981.020098003335, -15003.409629054002, 7698.751493170118, 7872.822724598593], [818.9390519127224, -6623.5811963526385, 2336.0309817471857, -3442.9898614471454], [-1097.153249768561, 10551.137328993878, -2830.3659617102085, -2097.7588089668156]]]",22,31,-9,9,1,1
site_6-25.csv.npy,18071.76759,site_6-25.csv.npy," [[-2978.2658049955953, 282.1410660625565, 4716.812027646783, -1429.2237192834818], [-2473.0018072382973, 18071.76759416431, -2077.369948177967, -1110.5178637864533], [6849.4451146078445, 0.0, -5508.647540408325, -1451.8423695860174], [-558.6096779913398, -11355.329382576962, 8523.869398355426, 4507.92213833506]]]",6,25,-19,19,1,1
site_15-31.csv.npy,16089.54146,site_15-31.csv.npy," [[1598.0049709389918, -6015.066566223539, 2216.9713237588203, -3959.460161952486], [-6786.510275250351, 566.7356463066537, -7902.804819123936, 16089.54146336609], [3544.748450435012, 1438.341756025709, 274.32610271858493, -4100.73823523327], [441.24720586460194, -3902.6207137043752, 2758.354692328103, -726.8223183970897]]]",15,31,-16,16,1,3
site_6-35.csv.npy,9945.429938,site_6-35.csv.npy," [[-3078.4757574147234, 0.0, 139.82738359987064, 3124.6347254450834], [-4534.396578188467, 8094.223653257716, -789.8132504973418, -2195.3043922870384], [9945.429938288593, -7704.265339998418, -457.98335518870425, -1518.0596078519802], [-214.02864593649238, -3871.9844745815726, 4660.1471551720815, -932.6061568864982]]]",6,35,-29,29,2,0
site_15-21.csv.npy,17516.05109,site_15-21.csv.npy," [[912.1525585742235, 5861.2227719591765, 679.547145397545, -5546.955512753436], [-2994.680344724383, -8291.021409917057, -7267.0863728774875, 17516.05108631414], [2537.0158609574414, -296.832576316633, 442.62135197873744, -5872.702987247557], [-1161.0200070606245, 185.7699388267502, 3454.7668722280937, -3517.0786681361874]]]",15,21,-6,6,1,3
site_5-29.csv.npy,7612.627046,site_5-29.csv.npy," [[3205.764109952113, -3157.0060597247602, -1827.7666390175852, -1639.2282422857327], [-5552.951334342167, 7612.62704583972, -1866.1788471907669, -252.3148429771267], [-2952.045633186944, 2546.191889045823, 1272.9704139907774, -636.5589111039164], [3002.2521662038725, -5312.3667452456975, -53.148983950829006, 2733.055631043306]]]",5,29,-24,24,1,1
site_5-39.csv.npy,7078.011828,site_5-39.csv.npy," [[-3824.7620658757996, 6532.112553411757, -2598.262685221705, -7078.011827501347], [-2973.5864972718587, 1288.881648210348, -1153.5709404743181, 2945.895707654397], [0.0, -5195.757798119164, 4511.842578581922, 3025.8338729578754], [4779.772905291156, -2266.318071613459, -667.7640185762519, 0.0]]]",5,39,-34,34,0,3
site_14-18.csv.npy,45080.61871,site_14-18.csv.npy," [[-4214.966915933401, -1668.7967920393905, 934.8407792037324, 3625.8276621612295], [45080.618708879454, 0.0, -3756.6120259724503, -16533.52876997125], [-600.0638120115093, -3301.2516367496437, 3974.340570817872, -1496.10154217213], [-4800.812935337664, 4113.900195897294, -757.705107593681, 1130.0337900186082]]]",14,18,-4,4,1,0
site_28-38.csv.npy,17001.70994,site_28-38.csv.npy," [[1773.6719626241859, 1864.349954169524, -1204.3643871914537, -1414.905556285721], [0.0, 17001.709942269208, -4532.405685426774, -10225.616261021496], [1741.0222886373936, -7498.43012907603, 1749.5940690803816, 1652.5204722920428], [-1694.9378686875032, -8420.741937113993, 2325.984329078827, 2446.63564372383]]]",28,38,-10,10,1,1
site_2-39.csv.npy,5703.904064,site_2-39.csv.npy," [[212.11019422351245, -764.7907035379367, 58.872312995984664, 5182.309284739279], [0.0, 4874.545519354235, -4749.871702137769, -1175.9643824902796], [2682.000570899207, -3087.1275262554927, 1724.8578892656346, -5703.904064355811], [-2943.134759688966, -518.905737700873, 2117.779971097656, 0.0]]]",2,39,-37,37,2,3
site_2-29.csv.npy,22292.85681,site_2-29.csv.npy," [[-3241.770696893971, -724.1998821450126, 561.6340026830544, 1718.1043397098488], [22292.85680928197, -1406.429294120902, -6603.03328908677, -3718.702594009664], [-2494.6360442915047, 0.0, 1879.4663525045378, 1217.7813524385372], [-5551.051700177404, 1359.8396267612106, 4751.955860281115, 1581.6251732503563]]]",2,29,-27,27,1,0
site_13-18.csv.npy,10082.22293,site_13-18.csv.npy," [[-113.29616590262597, 344.26517499483913, 1612.988040210903, -2128.661380875099], [-6555.28351991573, 10082.222933820583, -2284.5877978534463, -4569.6513766589405], [-1915.905178117121, -1992.1954534390622, 1605.9016051797425, 698.3208583331672], [2008.47865705791, -6620.88129197027, -301.2885862553824, 2276.207081174699]]]",13,18,-5,5,1,1
site_25-31.csv.npy,7544.587813,site_25-31.csv.npy," [[-1157.3739502129356, -3951.6647294238705, -2715.4652470863725, 7306.516963379329], [0.0, 7544.58781291286, -5869.070149949781, -1548.1512657969506], [3030.1116756137912, -1353.6600835968686, 2390.873393236868, -4482.28668124584], [-579.0827592206598, 456.53941440868846, 2573.7088484442565, -2725.63444311479]]]",25,31,-6,6,1,1
site_10-14.csv.npy,23710.84275,site_10-14.csv.npy," [[-1111.1460216011003, 23710.84275474919, -895.2486094579677, -4709.45183181268], [-1134.1132882806808, -8386.36550629743, 2241.487367794213, 5455.967643466023], [3410.5056387704403, -7972.7751946943345, 137.02267418531156, -935.4086430497564], [-866.2505175721235, -7847.55494710659, 717.9407265564103, 3515.994945841773]]]",10,14,-4,4,0,1
site_3-10.csv.npy,9430.585662,site_3-10.csv.npy," [[5904.80038612349, 0.0, -3287.6016110532314, -3023.6236565392055], [-6733.941237042129, -5003.288694939359, 9430.585662261545, -2197.280397501453], [-1316.2079181406373, -2928.8108419338573, 1320.8299740561326, 1636.5718620404652], [-4169.737332279503, 4075.9162634156596, -1356.1585618454542, 2101.8687125400043]]]",3,10,-7,7,1,2
site_1-35.csv.npy,17914.32243,site_1-35.csv.npy," [[-4561.778203174193, 4143.26061799938, -1204.7402167349476, 3024.3068866715585], [2909.376123257934, -672.2234515346213, -2106.171175366261, -442.5783141514309], [-2622.097246635873, 1101.4366081773196, 1415.3761040520965, -135.46746232211467], [17914.322426970117, -12009.908190734091, 6939.529279545942, -10802.429068590824]]]",1,35,-34,34,3,0
site_12-21.csv.npy,7114.718023,site_12-21.csv.npy," [[2138.647465184266, -2549.817189901827, 3730.4086618372407, -6108.9917811272735], [-4853.959755317391, 2203.701717623201, 1819.553798167249, -1543.5784681087018], [-666.9495339097103, -470.7035037923883, 858.8516596097186, 373.58314610843945], [820.1851924376318, -3240.6215913355004, -5693.9054293949375, 7114.7180234579]]]",12,21,-9,9,3,3
site_1-25.csv.npy,10826.74705,site_1-25.csv.npy," [[-1797.8879587855952, 3321.7673390373807, 3772.2512214626595, -2955.9000751637554], [-584.1033323461214, 780.3203085204744, -65.05738992066074, 556.9748884411388], [-1740.5211560922073, -581.4498374261159, 398.2105532210468, 1991.2654986643577], [8832.037596003373, 0.0, -10826.747052342007, 2342.5158246279857]]]",1,25,-24,24,3,2
site_12-31.csv.npy,8941.770779,site_12-31.csv.npy," [[3091.4309525563444, -2409.5710083599474, -480.0054473376873, -1689.5238297876717], [-3663.274058602112, 2966.9332521959295, 8247.326087045565, -6151.653760232664], [2002.1369494508801, -1996.461113120931, -677.1093057200034, -806.4353490927483], [-3360.0722469934067, -4874.294220440354, -1817.5276148184196, 8941.770779317514]]]",12,31,-19,19,3,3
site_6-11.csv.npy,11224.77563,site_6-11.csv.npy," [[2420.1222740506655, 6717.70158882453, -2517.306539122175, -3377.3096693272346], [343.1891939632502, -4066.0630106767785, 11224.775628145764, -3419.5239925529995], [-1621.8504581056548, -1787.3552431901744, 624.4457760654306, 586.2550650718226], [-1633.004791140261, -4764.61181625785, -3853.0705868706345, 5235.05106241502]]]",6,11,-5,5,1,2
site_5-9.csv.npy,16200.99262,site_5-9.csv.npy," [[3813.0515098831784, -9247.418757926227, -2044.0469313281503, -1992.2026189021378], [-4942.070929115954, 16200.992623191145, -659.6243702984333, -2789.51517528616], [-2585.880202124315, -9340.770203001692, 2517.412359702951, 3382.7225060080245], [3309.30885522027, 706.3391793946289, -971.7224614060383, -1403.7572845487061]]]",5,9,-4,4,1,1
site_20-30.csv.npy,8510.0191,site_20-30.csv.npy," [[-408.2480345395202, 6468.994023321184, 1446.0246253929001, -6631.328010979613], [-1363.5030699157273, -3575.080526760601, -3656.974355476033, 8510.019100005975], [872.0512752277407, -3481.750025243743, 2202.203979704963, -1515.909464042545], [371.39582221078655, -2394.8480499931925, -1826.2026407302458, 2699.732075312612]]]",20,30,-10,10,1,3
site_4-24.csv.npy,12307.90885,site_4-24.csv.npy," [[-2732.9822494280097, 12307.908851962218, -2981.188643327161, 734.1653158667375], [0.0, -441.6291316646015, -2759.062335400239, 3369.448800579879], [1819.9206122908965, -5686.097793197067, 3482.431459642355, -2270.554590446822], [2351.068589084905, -6660.366632282789, 111.67402894236133, 901.5730347968887]]]",4,24,-20,20,0,1
site_17-30.csv.npy,15963.27536,site_17-30.csv.npy," [[-2744.263172303741, -565.7014208803107, -1461.5328146509296, 6251.412243142288], [60.64030497984162, 15963.275355382162, 0.0, -7941.1274801002], [296.8746509355338, 752.9885205393294, 2238.2684434562243, -2585.666285332662], [2715.4360245722783, -5195.521066754672, 734.7636002065361, -1256.9842126532797]]]",17,30,-13,13,1,1
site_4-34.csv.npy,13926.05269,site_4-34.csv.npy," [[214.51712278400845, -6774.007487646333, -1182.8603614749588, 6124.7912613071585], [-5593.081399065333, 13926.052687849291, -1763.8121250868537, 2061.655485859801], [963.3895693769438, 943.4095611036593, 3365.4276633973204, -5400.369735864602], [837.8341802424534, 2298.1657541683944, -283.8123158830135, -1422.6167577968606]]]",4,34,-30,30,1,1
site_17-20.csv.npy,10685.00628,site_17-20.csv.npy," [[-7.422384429275721, -5653.093844500111, -333.5316057741977, 2867.34580412665], [9669.895294283218, -540.3563710095965, -5597.593473974971, -4327.772201872077], [-898.0983555284207, 10685.006281704857, -490.3182162109648, -2697.2685148574355], [-1662.2016582444583, -2611.010035079903, 1943.8698380541273, 1100.7700237286965]]]",17,20,-3,3,2,1
site_7-28.csv.npy,21254.9055,site_7-28.csv.npy," [[2021.5712368096258, 0.0, 599.42235797336, -3487.2795807647362], [4112.423702542159, -9872.570036269215, 1433.8683637741185, 3754.433879922], [225.3294183894826, -9462.941062701348, 2270.572963933375, 2561.8699253641635], [-6012.712620278425, 21254.905499723653, -4407.120342127272, -1509.5065997143902]]]",7,28,-21,21,3,1
site_7-38.csv.npy,15073.32129,site_7-38.csv.npy," [[2012.9376348322248, -5684.848508467034, 822.1299369596378, 401.18263672067644], [3537.3253088973106, 275.96582655369093, 254.43035678254938, -2541.5167428600776], [104.38943966163991, -8354.014881290297, 285.4808007940365, 3622.129670892399], [-5180.310893161115, 15073.321290987364, -976.2359348211713, -3113.5521249891276]]]",7,38,-31,31,3,1
site_16-19.csv.npy,39410.57757,site_16-19.csv.npy," [[-656.4752097348675, 6978.230194431597, -769.5945921339343, 10.195401080843993], [-255.9363480677273, -16771.313064438924, 39410.57757315503, -5413.46178823843], [1179.011881766364, -1469.9133245233802, -4179.808795647823, 3033.7168923035097], [-80.42021313831138, 3226.8870629496478, -1818.3707219576763, -1358.8374754105218]]]",16,19,-3,3,1,2
site_19-25.csv.npy,8302.225645,site_19-25.csv.npy," [[-2117.3040453728186, 8302.225644839747, 1231.0415844611175, -1343.6799158420072], [-1539.4211132573346, 0.0, -2137.689832160552, 2293.1636584150897], [4976.245865031466, 0.0, -4294.865433706789, -2064.7753906753637], [-1681.268032097568, -3618.544997443874, 2885.350259903734, -3.1912851918671143]]]",19,25,-6,6,0,1
site_19-35.csv.npy,6568.21435,site_19-35.csv.npy," [[-1736.5574749264993, 4200.086233017298, 181.61880923443502, -1517.7282342801045], [-6568.214349762892, -182.70181748589192, 5041.091045835493, -2272.9164995439396], [5210.197899294693, -1442.922270833465, -2781.23627733283, -2780.547753942085], [-1594.1804608988202, -3522.3866496907467, -1249.2726545702585, 3908.6199474645773]]]",19,35,-16,16,1,0
site_8-14.csv.npy,4825.905301,site_8-14.csv.npy," [[-788.5991079358254, -4658.611179410221, 2278.709366353885, -162.9230358534685], [4825.905301389294, 3481.016136007519, -3684.9988054702135, -4201.671907264476], [-214.7692013506286, -4655.238597871677, 1892.173861125216, 1111.0494733375783], [-1312.1557811477442, 0.0, 337.39654179562893, 682.6321692621134]]]",8,14,-6,6,1,0
site_34-38.csv.npy,7308.340151,site_34-38.csv.npy," [[2340.1563408191723, -7308.340150856426, 3426.0205897460696, -566.1050906107592], [-1451.874175639353, 7306.501017799743, 2417.3649811791506, -2027.066075903091], [916.5487468880981, -4695.883811323438, 1013.869871214359, -1232.7910078659957], [-2248.905816422587, 7016.961122074967, -3821.9370531276354, 1630.0503908791416]]]",34,38,-4,4,0,1
site_24-37.csv.npy,11744.89857,site_24-37.csv.npy," [[2008.9864446269812, -4030.215326204793, -353.7387354342146, -1056.342860107535], [-5283.054239417572, -8140.089324556648, -8020.705432251443, 11744.898570035904], [1153.7925961874873, -1052.7216734430065, 1868.3095427986711, -2512.384066580943], [-408.67802235769983, 4062.7247276054336, 3326.0494957045375, -4096.585592304718]]]",24,37,-13,13,1,3
site_11-12.csv.npy,9069.843306,site_11-12.csv.npy," [[3100.01826282171, -5831.783822960406, 4915.911185262563, -5886.759967584829], [-770.0148862526635, 6013.462831506061, 489.25177241030127, -4036.393004841415], [-4343.110944376748, -4427.73389297257, -1572.222013952316, 9069.843305621573], [-90.09450360970253, 5096.293075939651, -2530.419774419191, -5260.818328497507]]]",11,12,-1,1,2,3
site_2-16.csv.npy,37363.1762,site_2-16.csv.npy," [[-900.137849792055, -7261.234711489997, 122.28209212618684, 3589.294398299435], [655.3064859746584, 37363.17619876238, -5521.619073933416, -6467.110652091339], [142.80018800202973, -9256.618526865392, 3053.0462057762047, 486.8479400222962], [3025.2318979565366, -746.9176495743233, -1841.6890572460316, -2049.3434473776238]]]",2,16,-14,14,1,1
site_24-27.csv.npy,11476.69049,site_24-27.csv.npy," [[-596.0448910004562, -2454.504532585104, 938.5699574671653, 30.406004114796218], [-5882.743469426602, -9828.000556749848, -3094.6350590355096, 11476.690485528665], [112.04895017918679, -2922.1634541596736, 3242.9999529894367, -4194.72976135241], [3082.283043280862, 8640.813474874374, -985.7932457301445, -4401.6614537730475]]]",24,27,-3,3,1,3
site_0-33.csv.npy,22959.95701,site_0-33.csv.npy," [[-809.6530049350207, -22959.95701392499, -8503.687782934137, 4167.262515552275], [0.0, 0.0, 0.0, 0.0], [0.0, 0.0, 0.0, 0.0], [1920.7642081736628, 0.0, 0.0, -1920.7642081723693]]]",0,33,-33,33,0,1
site_13-27.csv.npy,9004.282929,site_13-27.csv.npy," [[2003.455754870494, -3380.753484055433, 2947.6837364913767, -3469.606334835543], [5586.611787413679, 4623.327775711673, 0.0, -9004.282929394676], [1301.1649669933552, -1681.0411617538891, 458.09573852967804, -1729.9994919599997], [-4335.48400008359, -3677.45932983185, -2940.345302144022, 8830.455228927734]]]",13,27,-14,14,1,3
site_0-23.csv.npy,0,site_0-23.csv.npy," [[0.0, 0.0, 0.0, 0.0], [0.0, 0.0, 0.0, 0.0], [0.0, 0.0, 0.0, 0.0], [0.0, 0.0, 0.0, 0.0]]]",0,23,-23,23,0,0
site_13-37.csv.npy,17465.26595,site_13-37.csv.npy," [[3706.2983535570334, -2066.5271641573663, 3561.127676853109, -6019.329960268376], [-2265.546584595559, 17465.265945139763, 0.0, -6153.387134814471], [1465.069008083653, 0.0, 2355.911512021395, -3583.9814346543612], [-3985.4165646018837, -7746.350531361364, -4414.289485860441, 9709.1845676918]]]",13,37,-24,24,1,1
site_18-23.csv.npy,15283.05476,site_18-23.csv.npy," [[-1383.0663730594392, 15283.054755098428, -1251.0117998663284, -6303.606438045177], [-462.3686766988129, -5095.597727405594, 412.8441069462739, 5941.202104095202], [2155.012237839351, -8372.174296731517, 1833.2270684244202, 179.47087219368376], [-33.029333093277906, -1985.7115286907442, 9.664811894891278, 1312.9376877677203]]]",18,23,-5,5,0,1
site_18-33.csv.npy,6005.694316,site_18-33.csv.npy," [[5244.86412615927, 550.5617101423362, -1999.1180048058916, -4493.752933215779], [-6005.694316195914, 1322.2060633491774, 1014.9091679644786, 2476.773751755373], [722.3238563627535, -3775.991093261839, 890.4493726449831, -723.4575397526069], [-834.689990815304, -2383.7137597473443, 619.3922467908834, 839.3467025849428]]]",18,33,-15,15,1,0
site_9-12.csv.npy,10742.01707,site_9-12.csv.npy," [[-569.5817355860594, 2610.8977502521957, -3212.4596968943733, 3360.057005411251], [1481.274738544137, 10742.017065985545, -2828.813643801919, -4504.024333916815], [801.8585525527553, -7359.071054569011, 4427.1916106228655, -1942.1579725389156], [1030.91350664565, 954.1096399838506, -51.527935586225965, -3431.2796017467654]]]",9,12,-3,3,1,1
site_0-5.csv.npy,9622.909705,site_0-5.csv.npy," [[51.79386957597137, -9622.909705446687, 1924.8651106099933, -8553.697515953736], [0.0, 0.0, 0.0, 0.0], [0.0, 0.0, 0.0, 0.0], [787.4347824615786, 0.0, -787.4347824602864, 0.0]]]",0,5,-5,5,0,1
site_7-17.csv.npy,6041.499885,site_7-17.csv.npy," [[-1427.0255447662937, 2658.9034824729342, 3508.0028740060184, -2757.8081401715403], [-3500.2837925080726, 2655.987832829481, -2539.1058902235386, 571.6895781004317], [-3131.23688588991, -3205.2094650224917, -687.3057317623775, 5195.36385659435], [6041.4998852309445, -6001.796941444155, -2553.5581564285258, -4295.956714625406]]]",7,17,-10,10,3,0
site_21-26.csv.npy,8259.585055,site_21-26.csv.npy," [[283.8100668163906, 5672.609892595085, -163.087947971423, -3918.4276749916385], [-2704.1164391318416, 2274.4641091216836, 734.5049655092976, -881.9904198459423], [323.6317441746953, -3465.5467657723725, 2005.0416730977258, -879.3067598958713], [2514.4778127868803, -8259.585054605694, -1379.5229165136057, 4711.986626879302]]]",21,26,-5,5,3,1
site_32-35.csv.npy,18008.53572,site_32-35.csv.npy," [[-4414.055774064141, 4004.792974795648, 3212.547233304795, -561.2488134642417], [18008.535717139093, -3705.4585596730963, -7390.3328264116335, -2219.0438839141734], [-3512.576553904068, -2451.439237768028, 1642.8680527853294, 2237.8343942987512], [3344.249625114588, -3188.7498453633557, 244.77589930267015, -614.4058550070508]]]",32,35,-3,3,1,0
site_21-36.csv.npy,4632.724503,site_21-36.csv.npy," [[-1067.0463124117184, -2917.139457776997, 346.25633263633296, 3299.0498902990685], [3647.406421676598, 0.0, 1797.3597855011803, -4632.7245029204605], [1022.7155872213361, -1401.2028843083237, 2247.6650532872827, -2890.568915065868], [-2035.3566073486224, 3003.50935799599, -3288.5254899715765, 2690.893405849772]]]",21,36,-15,15,1,3
site_5-22.csv.npy,12273.36631,site_5-22.csv.npy," [[-1394.3225080083146, 12273.36631368418, -2783.667693796597, -2665.2288162371656], [597.8028453698805, -7284.861991615787, 1702.719488795484, 2167.3375569399223], [-410.71232060003507, -6495.215830544486, 2993.811332281296, 459.947317951015], [1891.0262181983258, -1901.0167896657206, -1597.650917446549, 644.890497081122]]]",5,22,-17,17,0,1
site_16-36.csv.npy,12385.22671,site_16-36.csv.npy," [[1121.0968791356775, 0.0, 1539.9725837000417, -3946.734806875482], [-7387.470080124775, 0.0, -12385.226711279316, 11587.173620724985], [-250.47167622499128, -2839.6302846438616, 2070.2558762839276, -1044.9760265991085], [558.0444011748593, 4084.7198199463137, 1056.28426072212, -3909.673548677115]]]",16,36,-20,20,1,2
site_5-32.csv.npy,9753.174194,site_5-32.csv.npy," [[-2819.704395561978, 9753.174193516687, 27.087958766859792, -1720.1425513148813], [3924.0813492754132, -28.06145772581805, -1598.1079416916514, -2481.855160958108], [580.5607944406325, -8239.624507493209, 1576.1682011770324, 1431.6295603552378], [-474.9865883115383, -2064.2218934306175, -968.7871200271471, 2523.5936587361207]]]",5,32,-27,27,0,1
site_16-26.csv.npy,12707.24022,site_16-26.csv.npy," [[-2385.2920155456854, 1949.8285468854515, 854.5194634231487, 1860.4154970949048], [0.0, 4007.739860744384, -12707.240215702972, 6138.184939329169], [2888.4940460480734, -5543.15959133179, 3554.468616791627, -3326.099523812568], [5195.513646264676, -1696.0171075607295, -511.1848587440796, -2614.474690788303]]]",16,26,-10,10,1,2
site_31-39.csv.npy,5161.416669,site_31-39.csv.npy," [[-34.471882193236745, -3100.637522075471, 3271.8064399908803, -4086.083379259915], [0.0, 2247.9983710766846, -2247.99837107669, 0.0], [-1396.3203180078403, -604.8643839818147, 407.0491775268699, 5161.416669346631], [1534.8479639261177, 1832.3290305699152, -2171.6083565551803, -66.24541594287666]]]",31,39,-8,8,2,3
site_20-39.csv.npy,24944.28153,site_20-39.csv.npy," [[-1605.4816769566687, -1091.4200547064938, 1586.7931193873255, 0.0], [-1680.9786974141496, 1610.6424988012402, -809.6602171457145, 0.0], [-720.2867115150262, -2062.407276579976, 1993.1825449458254, 0.0], [10150.7696979449, 2023.0834761392362, -3004.132837694219, -24944.2815325606]]]",20,39,-19,19,3,3
site_20-29.csv.npy,13939.41257,site_20-29.csv.npy," [[-2966.4139871378993, 634.834742020205, 1591.4903998844352, 444.2923636205262], [-3575.1383541849764, -1768.889549875895, -162.1150793749911, 4748.001614844365], [-4273.729919759042, 13939.41257465233, 2105.9083607434013, -483.630089079703], [7941.278149245197, -5348.282931307712, -2633.7729225948306, -1811.625034704858]]]",20,29,-9,9,2,1
site_6-18.csv.npy,6622.206081,site_6-18.csv.npy," [[-4062.53856081855, 3972.678319307345, 3092.839573852985, -1298.3288063887994], [-1103.6968303602018, 1660.7219595713461, 0.0, -752.7061150824302], [6534.37705005804, -6622.206080962594, -3446.1065423184423, 1076.0471499790897], [1499.8340704269692, -667.6293831978641, -1371.2330673694544, 1351.6478568819705]]]",6,18,-12,12,2,1
site_17-29.csv.npy,16241.29906,site_17-29.csv.npy," [[4830.700054594412, -3858.3391561758376, -1587.5983984241177, -999.8921837154496], [-4516.819047340605, 1601.5541675322088, 648.6002785782626, 656.2568394607354], [-5355.5796560811295, 16241.299057867223, -770.8422606420188, 1936.1838844624667], [1110.997443326112, -3567.9850656885696, 1774.386983454457, -580.1982423197062]]]",17,29,-12,12,2,1
site_17-39.csv.npy,7244.18943,site_17-39.csv.npy," [[3085.9193082354686, 6473.45704913011, -5016.935493819476, -7244.189430415553], [0.0, -560.5709289256546, 560.5709289256376, 0.0], [-1528.8942935020068, -423.6349900278807, 12.170385857348704, 5197.652726574153], [-1106.561813065757, -5358.218853812399, 5543.342217712207, 3790.2333565920353]]]",17,39,-22,22,0,3
site_7-31.csv.npy,6997.033133,site_7-31.csv.npy," [[2430.6853290421577, -195.02309334192915, -316.358050372976, -2647.3120300178916], [-196.7722334891135, -6997.033132677168, 4027.083615667978, -282.81306969129645], [-182.7310585838184, 3915.842095940273, 1294.1719582417038, -3217.2943985889074], [-3265.9081405257193, 3019.7688655905376, -4283.363808537074, 4293.227422901934]]]",7,31,-24,24,1,1
site_14-25.csv.npy,22776.9914,site_14-25.csv.npy," [[-2432.235950362055, -7051.320425052522, 1693.7887147373258, 3018.837048976769], [22776.991397510406, -11409.823006170913, -7413.030399842528, -4458.076565174323], [65.09946202347862, 1236.5777754328255, 1.6737235063718003, -340.1002259403637], [-3503.244733380213, 6647.2714048777625, 1614.3261552035276, -251.54911740807174]]]",14,25,-11,11,1,0
site_7-21.csv.npy,9619.703266,site_7-21.csv.npy," [[4182.423650572439, -3727.9656333542816, -171.03259556017812, -5958.5084867438], [853.5740397394442, 684.6393262161688, 731.2846522765623, -1555.9896073686918], [-1699.049956635141, 9619.703266137165, 576.3945144312132, -4930.179397976303], [-3992.639551396089, -7715.543212148262, -2637.3686015985836, 9123.034603841148]]]",7,21,-14,14,2,1
site_14-35.csv.npy,14912.16077,site_14-35.csv.npy," [[-1487.5266973934415, -2409.1086206565897, 2158.666679852796, -257.6238045070681], [14912.160772111505, -9845.588632530653, -3424.5451507987304, -5363.005115956692], [-3557.117683067572, -2774.3402657938627, 513.3527949183623, 2825.727565814993], [-2948.5525794181517, 6343.898155690575, 706.4882879005005, -1160.240289640037]]]",14,35,-21,21,1,0
site_23-35.csv.npy,9713.331088,site_23-35.csv.npy," [[-2385.714666453051, -1897.5010318023556, 736.3960766205237, 2187.442507202638], [9713.331087903594, -1212.1890592772882, 1528.4376117486963, -7224.481472288802], [-2974.1580525384093, 713.1367227863955, 1043.4839835098237, 709.1162709167622], [-686.6532697405526, -5680.802394683415, 625.8332290878676, 2702.671061437155]]]",23,35,-12,12,1,0
site_23-25.csv.npy,8443.501679,site_23-25.csv.npy," [[6.1221717369609, -5597.915047845219, 1617.32934210647, -221.6697192999286], [6020.69116883412, 8443.501678585495, -5004.808372428605, -5205.981078768551], [606.827215838924, -3641.1221494440697, -35.9047524131288, 57.77340911342082], [-3612.7970776762068, -2661.1691173436457, 1677.7407051396685, 3457.05078582632]]]",23,25,-2,2,1,1
site_5-14.csv.npy,23493.06558,site_5-14.csv.npy," [[-814.9339814980355, 23493.065578319, -661.7066440286683, -5933.921862093431], [4757.564445156777, -7619.92565288038, -1271.3992013409306, 1889.5912027045783], [-656.5089281178574, -8786.93448661308, 1845.977523126705, 3165.7867624555292], [-1464.8810368853733, -5390.587442136851, -926.3493885798576, 2765.5937309375545]]]",5,14,-9,9,0,1
site_30-36.csv.npy,6019.092966,site_30-36.csv.npy," [[1640.7829380115818, -696.8340619467207, 3441.2174427582636, -5190.419263248723], [877.5506639804064, -3032.515271838493, 0.0, 207.66553342290348], [315.3929052114316, -1221.3414198702758, 2183.02239328238, -4375.287014622095], [-2438.503771600585, -1856.0266857845131, -4546.480057361146, 6019.092966364524]]]",30,36,-6,6,3,3
site_9-24.csv.npy,3126.168431,site_9-24.csv.npy," [[-1029.6585436404396, 1074.6510567033768, -678.5739559994892, 1315.4668746783232], [0.0, -430.3656376963054, 322.9685290143317, 69.59972268288048], [2365.2168750169712, -3126.1684311751296, 1119.4754937979733, -1611.779340660634], [1106.3422197742211, 0.0, -1239.811090889717, 497.60650730559166]]]",9,24,-15,15,2,1
site_9-34.csv.npy,7877.14938,site_9-34.csv.npy," [[-2342.144609867653, 3245.885932370461, -2306.905189428743, 2575.260051081513], [7877.1493801170045, -7048.369166720716, 2870.635549889571, -5281.771903084261], [-80.51053963361855, -584.3055956306439, 1573.244894271461, -1435.3955534327893], [-334.4802219271667, 500.7817319205292, 137.56252158345887, -62.263666133536034]]]",9,34,-25,25,1,0
site_28-31.csv.npy,14912.05447,site_28-31.csv.npy," [[2674.716404252051, 3103.5236482998066, -1570.680718718039, -2307.431044837395], [-4313.195933136993, -5823.624552995254, -6613.988450559531, 14912.054468961187], [1771.7205906675763, -446.9996928687947, 2024.1055427229157, -3757.9281968707023], [-1538.5615780375147, -1402.349445269395, 3736.055893134742, -2208.2953735424812]]]",28,31,-3,3,1,3
site_8-9.csv.npy,8395.822243,site_8-9.csv.npy," [[248.50190034456736, -7402.535212755798, 1836.661341582913, -171.43973194717157], [8285.99486691685, -7765.858456187932, -2925.9678630533094, -3359.997280252916], [-3756.7426271483946, 5823.574205948983, 991.9630692618917, 2083.3413811235196], [-4855.2377486911055, 8395.822243379855, -1100.7950543354168, 6174.7410392818965]]]",8,9,-1,1,3,1
site_2-20.csv.npy,8052.443487,site_2-20.csv.npy," [[-1585.6718644518062, 3747.1696112909435, 1513.2183176427193, -2057.635812193342], [-398.04835936838293, -8052.44348650759, -4747.810876087489, 4409.687812260069], [-568.2804311076867, -3527.8897609907613, 1150.2207037158892, 381.87983340485647], [5261.893799070127, 703.0308164446227, -2712.4859031577203, -2547.2737050263654]]]",2,20,-18,18,1,1
site_11-34.csv.npy,6333.783739,site_11-34.csv.npy," [[1681.7164917512403, 1114.720592906029, 2204.646087005436, -4271.06694086671], [-2131.9582908022785, 6333.783739139812, 0.0, -4099.664209436012], [506.0971603335932, -2366.631630623236, -1756.482685654086, 4107.463190935996], [-1595.0116775188476, -3098.63442944926, -902.1509684955788, 3091.214029586983]]]",11,34,-23,23,1,1
site_2-30.csv.npy,7440.633234,site_2-30.csv.npy," [[341.3544882524068, -3073.043830320109, -816.6745197119953, 1258.6557000321927], [-1858.5574010066841, -7111.582129956863, -1164.845137710502, 7440.63323420649], [1059.1084008545881, 2087.6570511784985, 1712.744220335188, -4218.861129562162], [0.0, 5846.890621444806, -747.5402457363232, -3838.114476720247]]]",2,30,-28,28,1,3
site_11-24.csv.npy,14725.6522,site_11-24.csv.npy," [[5032.633061519436, -8976.15789889392, 1658.4743632419586, -1136.2979795811152], [-1004.5295053310515, -7133.855788592133, -2192.2836374404205, 5336.22481043629], [-2865.5301446102876, 14725.652199926795, -1949.90915130239, -1296.3503404216058], [-1714.0876546625302, 662.4222170603733, 48.42067764046536, 800.1431457066857]]]",11,24,-13,13,2,1
site_0-15.csv.npy,7670.954556,site_0-15.csv.npy," [[-4720.587418989601, -7670.95455586459, -2344.650650253277, 4103.81791782019], [0.0, 0.0, 0.0, 0.0], [0.0, 0.0, 0.0, 0.0], [0.0, 0.0, 2709.7148954045397, -2709.7148954032764]]]",0,15,-15,15,0,1
site_35-37.csv.npy,6852.790974,site_35-37.csv.npy," [[-1518.469047204599, -6475.087589604255, -1002.807855182939, 3663.822754684244], [-2392.052404439257, 6852.790974051247, 204.74963475893958, -3740.010863128859], [1480.757023803538, -853.7324597052251, -1048.619276113434, 826.470930948249], [925.6314757561038, -454.4494363480105, 2329.2535002919944, -2258.24785406032]]]",35,37,-2,2,1,1
site_26-34.csv.npy,5534.108286,site_26-34.csv.npy," [[419.4897693886921, -1373.5914113548872, 2201.2537501579873, -1701.2765275327033], [4014.2852579977975, -715.1734927250412, -4780.831205638675, -482.9741504471057], [510.41052000182714, 272.565195716173, 1339.5118918767191, -3138.2031014556133], [-4138.325940981644, 5534.108286354884, -615.7568742190605, 2044.8394504495416]]]",26,34,-8,8,3,1
site_25-28.csv.npy,8545.898514,site_25-28.csv.npy," [[-1915.038204578262, 7484.528895835, 2486.8457195156543, -3475.1533778350035], [8545.898514168324, 0.0, -4440.688992066088, -5092.971684071003], [292.3052694621531, -7052.206684615586, -1374.9868795746931, 5194.739677191669], [-225.22906759735199, -42.85393835261068, -99.56516324712847, 267.5721591007168]]]",25,28,-3,3,1,0
site_3-19.csv.npy,12857.01512,site_3-19.csv.npy," [[-4463.836585901205, -3193.4871075756, 6708.697965730744, 220.52769755516417], [-4130.264064549845, 12857.015117657058, -6907.597054425907, -4907.024139350469], [961.0098545694859, -1851.260487697865, -2850.9334092279546, 2307.4887914053293], [7207.508790658603, -1906.589847172212, -4390.832835446829, -3242.345468769016]]]",3,19,-16,16,1,1
site_25-38.csv.npy,3846.9442,site_25-38.csv.npy," [[155.34078074656142, 361.95908846973754, 691.244476347662, -1338.7297922393955], [0.0, -1321.6884342971202, 3846.9442003034114, -2548.1811626304698], [221.49951087753337, -1773.3795431372075, -602.6340024950885, 908.9623393529223], [355.60838091635753, 1990.5146130327914, -1311.7593148851947, 597.1618131582927]]]",25,38,-13,13,1,2
site_12-38.csv.npy,19843.30852,site_12-38.csv.npy," [[1339.916981803824, -13081.541167482032, 2187.799355952816, 1553.2815996422423], [0.0, -818.2343612870162, -3908.780869888632, 2787.751788627748], [3127.837820861605, -10834.99404757657, 1445.1659552589265, -311.0776450046774], [-4074.1430062939335, 19843.30852488938, -2540.8566810751054, -6314.533966413867]]]",12,38,-26,26,3,1
site_12-28.csv.npy,11933.03805,site_12-28.csv.npy," [[1751.4924401731325, -8669.362920336327, 600.2220918099836, 565.1859339440017], [-5319.899981091176, -4856.320637270196, -795.8086872926798, 8384.925711822236], [1505.0308928520808, -6865.557913811165, 1396.568266942334, -1629.048815367686], [608.9905664106877, 11933.038052677482, -1329.7113613064485, -6342.331256371331]]]",12,28,-16,16,3,1
site_8-22.csv.npy,9901.4758,site_8-22.csv.npy," [[704.3292935231152, -5473.273186015787, 1370.0861928072457, 1103.7434246859007], [-3045.841434075528, 9901.475799629388, -1233.8814134157744, -5049.170992974871], [3010.1004987516903, -3854.7655044260914, -176.0795089605003, -2540.418217873953], [-26.896767194245186, -7210.721586216711, 1794.6566513095097, 1801.9837922455954]]]",8,22,-14,14,1,1
site_8-32.csv.npy,8247.542674,site_8-32.csv.npy," [[1185.0043970994313, -8247.542674412563, 1388.2719913676756, -207.16145738652844], [6255.3627950554655, 4547.124291857958, -1310.2790290637242, -6781.143568283137], [-1924.2564527401098, -5278.745889664815, 1935.7426107656943, 1399.5918315715749], [-2719.8497088958634, -2147.2429683422656, -807.5935082300082, 4746.958372233154]]]",8,32,-24,24,0,1
site_6-37.csv.npy,8740.069166,site_6-37.csv.npy," [[2701.175123474453, -3000.0303287182924, 845.0039293619428, -1991.5178964171614], [-228.91530020499923, 8740.069165717787, -66.49926976650258, -5583.748980618347], [-1042.5867793738864, -5999.9857231856595, -4052.669132979661, 5852.199921599669], [0.0, -3736.6084802929304, 5133.3978448453745, -2035.7439675231285]]]",6,37,-31,31,1,1
site_15-23.csv.npy,14281.68193,site_15-23.csv.npy," [[368.09844696531223, -4731.215496149515, 501.2014924522453, 1088.4797734869594], [-7318.638908000547, 14281.681933067373, -5153.350968426346, -7402.463984205509], [2772.7273413966004, -8062.259109030228, 1660.0999520642351, 1884.024759115887], [451.41705430285623, -3539.9538932646565, 1282.1904333920972, 1295.3708036814726]]]",15,23,-8,8,1,1
site_6-27.csv.npy,11876.86494,site_6-27.csv.npy," [[-1558.4750735053465, 11876.864943562463, 1942.4094988905808, -4376.588302149927], [9028.278604618346, -5151.303545716399, 2284.1760356570007, -4589.727375129907], [-3792.2016302999186, -5059.2519333222, -1902.9505174217684, 6624.092174701136], [2843.6564186241962, -4343.209037312199, -285.51029210299345, -1092.1825483904302]]]",6,27,-21,21,0,1
site_15-33.csv.npy,11857.27831,site_15-33.csv.npy," [[-2911.2128125660684, -3081.469296494446, 1625.4760683509662, 3059.522527763255], [11857.278310185591, -4472.557249461582, -5737.32909787437, 585.0941259908669], [1195.7453783369092, -281.87280891846996, 1067.6328773801959, -2589.2750871743847], [-2040.1055146388633, 2531.2938277136586, 1672.5678407116645, -134.35847793579256]]]",15,33,-18,18,1,0
site_22-33.csv.npy,9501.100189,site_22-33.csv.npy," [[-742.8729084353795, -5012.687533638561, 1339.1109214790536, 2091.813224082604], [9501.10018883801, -412.83235499669235, -4931.990256680693, -5061.376353118447], [-2290.8238697119814, 4592.847492913625, 1042.1619838374118, 269.2224456465055], [-1125.704375874044, -176.08967213819787, 1568.5049502332897, -459.25357766145623]]]",22,33,-11,11,1,0
site_4-12.csv.npy,12643.08078,site_4-12.csv.npy," [[-3519.308636449438, -5150.431241715111, -973.1855222652084, 12643.080780726694], [-5525.963969368743, 8776.328508335546, -1707.7301702569355, 0.0], [1722.3239548149452, -2974.15346926363, 2880.6803534519295, -4636.105315383541], [3772.8096001741037, 812.3683597198162, 71.40159896167692, -4395.9013648282835]]]",4,12,-8,8,0,3
site_22-23.csv.npy,10227.40105,site_22-23.csv.npy," [[1932.5131050949615, -2490.541522283267, 3400.6221960027556, -2294.2960110134695], [0.0, 10227.401051193223, -2652.2386526133164, -5046.790846962724], [577.5280153138509, -8327.368547599586, -186.46160882488533, 4097.187945366788], [-461.43729300522233, 129.54627108503038, -288.8694007298254, 465.4242768033058]]]",22,23,-1,1,1,1
site_3-26.csv.npy,9595.18868,site_3-26.csv.npy," [[-5240.496214671371, -2233.7504293228176, -1695.248628161795, 9595.188680040455], [7937.262010794553, 0.0, -3364.5817036626377, -4579.903385211551], [3944.3824071289637, -2744.6876707892566, 2912.4835213059105, -4898.1642997251765], [-806.7820181928561, 6844.132790207202, -799.2319202131947, -3955.1762863875506]]]",3,26,-23,23,0,3
site_10-32.csv.npy,5508.935114,site_10-32.csv.npy," [[-2608.575446624361, 1846.320276877848, 1572.5359960391206, -197.52869231661177], [-1400.5340908837643, -1900.8918103383476, 0.0, 2466.983136914947], [5508.935113775027, -4454.378742060679, -130.11016054173254, -3663.0911892379995], [-1653.0723566255415, 2746.0225807438323, -1792.4160873435237, 1743.0824754341288]]]",10,32,-22,22,2,0
site_3-36.csv.npy,16458.14498,site_3-36.csv.npy," [[-1093.9861769979693, -4871.897034357285, 2381.9719973334127, 1547.0453876772838], [-3919.04466044703, 16458.144981181493, -5596.921674906779, 0.0], [1300.7599218458006, -1151.7747100656593, 964.8409879860604, -3763.5737239182413], [-24.450263426822424, -4377.570319585314, -2298.2762617923677, 2693.247843161537]]]",3,36,-33,33,1,1
site_3-8.csv.npy,11795.92689,site_3-8.csv.npy," [[-3780.5860112986525, 3747.990140476726, 948.0019480466822, 529.3676827625546], [138.77913544221872, 11795.926892655765, -5339.3746208606, -6684.713416189278], [1386.8265441239514, -2430.9158601929, 1542.559580333793, -2196.9844664837346], [4263.297114076355, -7678.71152844463, -1043.065583537429, 3758.082078453103]]]",3,8,-5,5,1,1
site_10-22.csv.npy,14420.40557,site_10-22.csv.npy," [[-690.9993411739341, 14420.405571295647, 976.9698581360948, -6484.134197989769], [0.0, -5957.6870930641, 1282.5912043195808, 3902.55612818336], [90.94077126506664, -7660.988914353226, -12.641175546259522, 5015.626738305526], [1123.4072969748283, -3500.3080296196704, -1097.592631189653, 2400.1187820906416]]]",10,22,-12,12,0,1
site_1-13.csv.npy,10412.57867,site_1-13.csv.npy," [[-305.08599576950974, 10012.682232272542, 521.7324351996032, -4196.8636857792], [323.2494445271779, -5412.324403516176, -554.2953843858078, 3413.9803147092994], [2898.262783077868, -6170.949727311986, 1314.387889756967, -2252.244486177542], [-5526.843948091145, -9009.97653780283, -5126.932512242657, 10412.578671661227]]]",1,13,-12,12,3,3
site_27-32.csv.npy,5951.732798,site_27-32.csv.npy," [[-1621.6843396603413, 5951.732797861401, 237.13572021946308, -342.16770790245533], [-1192.7414956313457, -100.71119476325126, 1590.0601039089474, -122.0239342036948], [-1233.554895456055, -2010.1400639465812, 86.41656194265373, 1323.7222500859928], [3500.838687909373, -3706.4565891409, 391.4221258252922, -913.9634541794868]]]",27,32,-5,5,0,1
site_12-17.csv.npy,6226.076596,site_12-17.csv.npy," [[-412.65420626490834, 3434.8104410560295, 488.26162743719925, -421.6695480256048], [6226.0765964521115, -4399.996883168419, -5710.415525359089, 2980.067298393455], [-2610.150707449466, -2346.2253642807827, 170.95994076325042, 3779.3460494795527], [3087.102413452771, -5598.019776762751, 4138.8896684051015, -6055.954796006005]]]",12,17,-5,5,1,0
site_1-6.csv.npy,19866.72902,site_1-6.csv.npy," [[3401.169180097631, 4999.731246175432, -4415.388835840823, -6313.838970150204], [4312.963022192169, -2729.858738172672, -2792.3324141725398, -3023.4843156717347], [-814.9745335731769, 0.0, -3787.135475893364, 9482.946793589888], [0.0, -12280.017208832787, 19866.72902213265, -9732.901154078942]]]",1,6,-5,5,3,2
site_29-37.csv.npy,7900.073544,site_29-37.csv.npy," [[798.5470481715499, -5122.70313373086, -3735.614365676095, 4677.150191638897], [-5903.535876550406, 3255.0291271504807, 7900.073544160953, -3258.1828011435005], [2248.787757639278, 0.0, -621.9202493863668, -1390.7204529871476], [467.07973537129277, -2618.4861737081155, 2763.037282314205, -2020.6668162100725]]]",29,37,-8,8,1,2
site_9-35.csv.npy,6035.301195,site_9-35.csv.npy," [[3285.659908876495, -4108.713640880646, -2136.405798840043, 87.40014597726933], [-4742.04045864924, 2479.059122201991, 4787.874956488028, -6035.3011946853], [-4370.945500929977, 3085.650763865127, 930.9134122120805, 821.2421872725217], [1298.3301483567589, -2842.283066988014, -724.160970673494, 1829.2337110873416]]]",9,35,-26,26,1,3
site_9-25.csv.npy,13112.09036,site_9-25.csv.npy," [[3933.174622282, -13112.090359333719, 3637.6898286136566, -5449.132869579855], [-7880.929128600331, 8644.267270345901, 0.0, 1703.046044378917], [-190.0292566530984, 558.8974283417249, -308.1307937966027, 350.9365694153184], [-1838.0177822147093, 0.0, -1673.0874356826348, 4992.460949204508]]]",9,25,-16,16,0,1
site_17-38.csv.npy,12387.0621,site_17-38.csv.npy," [[-1636.0619616328634, 12387.062104651493, -1280.8738055617741, -3142.554976562174], [-547.0218546058868, -701.6227053366738, -1526.0613413051449, 1629.0266489451512], [-17.438246299797743, -5608.63942079522, 2574.903222862473, 1242.4343287570014], [2107.1810951766083, -9274.006517050482, -497.2772190071316, 1768.3680642033255]]]",17,38,-21,21,0,1
site_17-28.csv.npy,16152.95625,site_17-28.csv.npy," [[-2335.121586436696, 16152.95624778485, 1311.7015126240706, -5615.496646373255], [-3132.721934690745, -8206.148152973628, 1455.06488270906, 7536.402364093112], [3143.971649737291, -7443.06233921699, -1461.7338292054842, 1577.264622053869], [770.5312630002093, -9082.913010826987, -833.9046452216537, 3057.5381090206847]]]",17,28,-11,11,0,1
site_20-28.csv.npy,8905.868946,site_20-28.csv.npy," [[797.6925146842714, -7852.723123964867, 1608.718719461962, 1597.7776361736685], [8905.868946485554, 0.0, 0.0, -8905.868946485592], [1427.8146137076983, -285.8181553611464, 187.11462006608477, -3154.2166315364097], [-4326.790768992633, 7655.838915128533, -1476.5842931989205, 463.04172349152753]]]",20,28,-8,8,1,3
site_6-19.csv.npy,11189.62915,site_6-19.csv.npy," [[441.6283992536342, -3102.2754415482627, -5113.8386434773065, 4960.1625594885845], [6160.716442613096, -4130.040355471717, -2482.3463034562774, -1304.2914822716516], [-4861.9750971868825, 10422.687428248259, 4305.512859925003, -3810.8965319653726], [3519.5657462525855, -4524.805556914816, 11189.629154056925, -2825.497468444871]]]",6,19,-13,13,3,2
site_20-38.csv.npy,10628.83776,site_20-38.csv.npy," [[2927.553357105872, -8785.817505671144, 2304.713708274584, -440.85841510956993], [-514.3036604506377, 382.80479032343897, -701.8051332311703, 241.03394842940952], [1413.3258531303527, 10628.837756622472, -1808.1230258284622, -1605.27866349445], [-3390.238141670178, 5348.0563789369835, -351.31193723770957, -346.68919617404697]]]",20,38,-18,18,2,1
site_30-37.csv.npy,6171.928696,site_30-37.csv.npy," [[1119.197844698476, -2277.6587354982958, 1467.0378107650185, -2597.33801041131], [1116.45104305653, -6171.928696279733, -2139.3785011998934, 3082.7080284038543], [1901.165603469991, -2925.726674505018, 3364.4583395906893, -4785.870802677216], [-2779.2450822951055, 178.88309043998572, -4237.28769690687, 3657.733222305948]]]",30,37,-7,7,1,1
site_23-24.csv.npy,17664.01042,site_23-24.csv.npy," [[3598.7798058213707, -7682.914105974008, 1471.4789108190125, -2339.7017621157765], [526.7859659789378, 17664.010423522985, -4867.800483040928, -4850.436927105415], [2563.6607110797554, -7316.116324071436, 1054.1920045686447, -719.873369283742], [-1230.7722733610644, -6616.236432148129, 48.891102850778836, 4700.318882266832]]]",23,24,-1,1,1,1
site_5-15.csv.npy,10874.8237,site_5-15.csv.npy," [[-2888.602380015292, 10874.823699163811, 744.1801779397044, -4598.064244805514], [-1228.7316596894123, 1721.1774938530964, -1097.7030169721236, -167.28518558195825], [-1001.7077281623712, -5434.8398351160895, 197.1078743790982, 3118.111687224899], [7481.753369649493, -8005.529719591507, -2052.911748579904, 1486.9977184313402]]]",5,15,-10,10,0,1
site_23-34.csv.npy,8940.872435,site_23-34.csv.npy," [[1894.6108075317568, 629.3900160099874, 1194.9667848851648, -3814.5571258681007], [3110.195953736669, -8940.872435441735, -3018.4131902906784, 6218.869070181601], [1277.0385902403884, -158.97503457553984, 1679.3188020047826, -3767.1297253423595], [-2683.777449900299, 1869.1760409199226, 800.7825500001753, -495.7508008941812]]]",23,34,-11,11,1,1
site_14-34.csv.npy,3185.009226,site_14-34.csv.npy," [[-1632.842525867797, 311.69843740101703, 603.9599201712526, 1144.7746282830701], [0.0, -2863.172173052982, 0.0, 2863.1721730528825], [1732.38672604401, -26.066442764567913, 706.485635855633, -2527.384544690544], [3185.0092259451876, -1861.7082166095263, -511.9083206706795, -277.30632942250526]]]",14,34,-20,20,3,0
site_7-20.csv.npy,5786.793731,site_7-20.csv.npy," [[1844.167842990408, 5576.528813826229, -1012.1602080225889, -4702.6034526077465], [5786.793731173717, -5236.595102173458, 2258.7247936593626, -4649.398140865199], [-896.9571995915437, 0.0, -1670.5773114757994, 3081.4187718406038], [-4897.905140240495, -5028.386532569812, 2094.32982899189, 3618.5089303469035]]]",7,20,-13,13,1,0
site_14-24.csv.npy,22139.06598,site_14-24.csv.npy," [[522.1695830458227, 1445.2309367770333, 1682.7258012554194, -3549.099772301345], [-3358.9996065215146, 22139.06597953929, -3310.2394364703723, -9754.086222812652], [1884.5977074709294, -7083.182025815535, 375.56865477161745, -770.3619508390191], [11.446689660111765, -12513.277605992085, 148.55083822099385, 6402.569758212893]]]",14,24,-10,10,1,1
site_7-30.csv.npy,9017.783226,site_7-30.csv.npy," [[-983.340004887295, -4161.4034947493265, 1130.9509937397393, 3598.6041772033027], [194.6874722322397, 4983.208075427862, -843.2221498975169, -4126.934936276878], [5774.581700072449, -2870.2147030109477, 2416.4802307697287, -5777.530679108844], [-6210.396157790115, 2986.538794160519, -2819.3314011382663, 9017.783225977499]]]",7,30,-23,23,3,3
site_26-35.csv.npy,9191.96927,site_26-35.csv.npy," [[-3237.517820437958, -2550.8733832607645, 4600.4151891278225, -319.58029733733076], [1448.514272104432, 4976.524973270612, -593.7687244085774, -3484.494637474702], [-2692.690845329002, 0.0, 395.2881154353453, 2365.892620774726], [9191.969270375426, -5646.9428669604795, -3450.8479069433088, 699.4694471729474]]]",26,35,-9,9,3,0
site_35-36.csv.npy,7050.296573,site_35-36.csv.npy," [[-2868.958566771776, -5956.819666913768, 921.1524957464303, 2153.902024981101], [2139.2086709813007, 0.0, -3696.7628763603775, 1051.5748956589537], [-951.5819526605516, 7050.29657315391, -760.2069612620621, -1091.4595972460465], [1947.4732510000713, -2062.8481371871026, 157.8347006823497, -2514.952856412767]]]",35,36,-1,1,2,1
site_0-14.csv.npy,0,site_0-14.csv.npy," [[0.0, 0.0, 0.0, 0.0], [0.0, 0.0, 0.0, 0.0], [0.0, 0.0, 0.0, 0.0], [0.0, 0.0, 0.0, 0.0]]]",0,14,-14,14,0,0
site_11-25.csv.npy,13257.76569,site_11-25.csv.npy," [[307.6095250898134, -7519.800039791447, 1464.057152331822, 400.47494427950994], [-1801.3418692297805, -7095.680725440053, 9716.109027389399, -2850.448111932716], [1811.791557793583, 13257.765685955868, -4272.567070662781, -1802.679762947109], [-2452.250329275883, -2374.8333714515966, -376.8287234919823, 3102.76366643122]]]",11,25,-14,14,2,1
site_2-31.csv.npy,11442.91013,site_2-31.csv.npy," [[472.89548765620685, 4264.68423292605, 44.64451855651653, -3895.738956233672], [-3365.657638840244, -11442.910133433401, -1703.682858151925, 9790.387994396378], [1903.1898287886072, 6991.657145510952, -115.46923389297439, -2432.333591133261], [0.0, -4686.532295195536, 1589.6289538054086, 1248.8384906107633]]]",2,31,-29,29,1,1
site_11-35.csv.npy,5845.846475,site_11-35.csv.npy," [[-3306.7419488228716, 3558.6387652159174, 318.27924153608564, 1141.471494878094], [-2763.8015860519245, -2535.005875508751, -2846.104343213598, 4071.810351859446], [4339.3782122222065, 1963.707266234897, -3667.9880071134858, -1496.32191344615], [-1550.7462915763138, -4717.939582099821, 5845.8464754686875, -1494.9815311462262]]]",11,35,-24,24,3,2
site_2-21.csv.npy,5358.62101,site_2-21.csv.npy," [[3783.081453347536, -3796.9393134527977, -361.9493544081079, -1863.0104884800915], [-2049.1888617372038, 2012.363725944926, -3217.359178192921, 3329.061639566318], [-1263.034170292106, 227.12172028415253, 2215.434023852717, -2385.603509766229], [-2830.4083733884045, 5358.621010154589, 644.1541141257395, -1260.4838233213216]]]",2,21,-19,19,3,1
site_12-29.csv.npy,8029.779816,site_12-29.csv.npy," [[-1956.5830471877857, -5802.718542766746, 594.6206840730823, 2546.546278152551], [5730.726001515562, 2239.9429162816673, 409.1877417175637, -4314.843274191225], [-4294.553128461902, -3387.348590179315, 4897.646683660038, 1665.9731646314556], [8029.77981592357, 172.11387648107012, -5153.336656756507, -2104.8996061919224]]]",12,29,-17,17,3,0
site_12-39.csv.npy,10271.20756,site_12-39.csv.npy," [[6030.126247116929, -4877.512213315851, 2173.325634145087, 0.0], [-4914.493536639319, 3238.5478400670527, -1803.3332454916851, -1717.582575693227], [-1066.6594636868313, -5415.822029841502, 5099.377094293444, -4884.148004783872], [0.0, 10271.207562551423, -9347.181587631272, 282.7210777169697]]]",12,39,-27,27,3,1
site_25-39.csv.npy,8451.892494,site_25-39.csv.npy," [[-1806.2806799882483, 3487.9714100351357, -1549.5456482992674, -6173.029779924287], [8451.892493778945, -36.05446910200293, -5130.857753762757, 0.0], [-743.808901303058, -1554.61186237878, 1726.462327974463, 0.0], [-1788.4804536536963, -2300.323636265392, 2017.2414295837661, 6164.3363071891945]]]",25,39,-14,14,1,0
site_25-29.csv.npy,12400.20328,site_25-29.csv.npy," [[6961.445475065895, -7048.501573936094, -1879.4875624089977, -172.57195129728026], [-1693.2673993169594, 12400.203282025861, -6171.595780414964, -2088.12917432157], [-3189.381503750171, 3405.590873512912, 1303.9398709765082, 799.376859262927], [-3682.9256558467227, -465.6996203475572, 3532.1465660560716, 472.5870822410733]]]",25,29,-4,4,1,1
site_3-18.csv.npy,14440.23788,site_3-18.csv.npy," [[4432.816013098765, 2368.44448461306, -1281.5179660452686, -4719.193601728244], [-5059.762217230957, -10603.276426908817, -4394.075378169682, 14440.237876422347], [-1498.0489429881545, -2733.146085953087, 1418.5781776544723, 1022.9234147782122], [-4028.286036949333, 2049.563413118094, 2162.42574089885, 202.5063023153334]]]",3,18,-15,15,1,3
site_28-30.csv.npy,5359.621261,site_28-30.csv.npy," [[-1670.960614287399, -4880.693537734545, 2440.036609929054, 1432.5429726005718], [-4492.750074217313, 0.0, -4429.142610599573, 5359.621260702002], [3032.2196592929117, -2320.382286527876, 1599.6454761065181, -4714.798080412732], [1205.2664418625573, 4955.826881126122, -2725.0972848414663, -2145.6865665817854]]]",28,30,-2,2,1,3
site_4-13.csv.npy,6501.501687,site_4-13.csv.npy," [[151.3231727379894, 6501.501686976098, -3384.4104529957594, 614.4967883771087], [-2072.811079750886, -2578.3242568078135, 1600.6917296609624, 3545.443480740529], [1964.1511584717084, -4097.750135661359, 1926.3762177395674, -3353.594165542046], [-700.0762004940276, -4331.5307531703575, 1489.4251475936553, 822.3190282216568]]]",4,13,-9,9,0,1
site_2-3.csv.npy,7039.246607,site_2-3.csv.npy," [[-462.17334429882044, -386.2260945728458, -177.14319136268887, 922.9247604610702], [7039.246606592628, 0.0, -7039.246606592629, 0.0], [-3886.7078602265224, -347.776418154353, 2068.648642736255, 3920.698641016219], [-1993.2927214247147, 4587.828030173836, 608.5022926732737, 0.0]]]",2,3,-1,1,1,2
site_22-32.csv.npy,15908.31141,site_22-32.csv.npy," [[-2247.496828040508, 0.0, 636.9058101728273, 2115.036337772792], [-997.642536949015, 15908.311407036268, -2887.4643686661034, -8468.715405510176], [-764.1435965962551, -5998.36619847015, 1774.6619759347118, 1696.0408571411624], [3759.4408194686157, -7694.080742988831, 1669.8351271839422, 242.17643127977854]]]",22,32,-10,10,1,1
site_15-32.csv.npy,17922.3007,site_15-32.csv.npy," [[-1522.1705543503922, 1692.1433452412566, 2122.509787121634, -1268.231740511027], [-7.52467895580989, 17922.300696950733, -6802.449617467191, -7015.026185665833], [1767.51726973446, -10489.95466790684, 2467.13522435857, 944.1587231448798], [-1600.1118669966393, -8505.203217505736, -68.67750757894966, 4408.287835735895]]]",15,32,-17,17,1,1
site_6-26.csv.npy,9903.376814,site_6-26.csv.npy," [[2198.993894945132, -6131.713741501373, 2070.2721936369394, -1619.9971429018517], [-1098.5666678619777, 2658.0868279345755, 2465.172313609321, -5051.0334310045955], [-1302.0503678333482, -4146.723701656136, -1522.5285848766305, 5575.843508316203], [-2946.2188245207567, 9903.376814203955, 0.0, -3164.2228309619245]]]",6,26,-20,20,3,1
site_15-22.csv.npy,16605.35193,site_15-22.csv.npy," [[2081.157981294452, 303.4475096022227, 202.6923424477055, -2112.0171376168646], [-6585.942736226106, 16605.351929785164, -5075.300546994895, -1755.2409851320563], [382.66349872838015, -3637.335613924381, 399.8668760166384, 1106.8150227458657], [1650.3276533200662, -7182.398001050983, 2765.9752863527583, 264.4075714791894]]]",15,22,-7,7,1,1
site_6-36.csv.npy,5894.342821,site_6-36.csv.npy," [[3118.2899472681556, -2454.1037496513263, 450.89195804545585, -3951.486740964664], [414.16806494189433, -1582.2704540193317, -1112.0570808065677, 693.1334960070914], [-3139.157191162918, 2087.5590478657946, -2507.0962826650484, 5040.163840365817], [-1473.0750206521716, 0.0, 5894.342820981593, -3181.8483351030945]]]",6,36,-30,30,3,2
site_8-33.csv.npy,10464.29134,site_8-33.csv.npy," [[-1294.6426935401357, -4313.674628742987, 3411.519106305547, -616.716607640412], [8443.124724821428, -9789.894352194438, -2700.9080307704776, 46.95101253942433], [-1563.3868559601108, -5231.450469993954, 581.2865479674003, 2487.717536618486], [-2192.4814583910197, 10464.291341779353, -1529.2514692443137, -3243.0982104507343]]]",8,33,-25,25,3,1
site_8-23.csv.npy,6746.48409,site_8-23.csv.npy," [[2425.657240845373, -6746.484089912513, 1582.3940971919296, 508.28413423932], [-1427.365995062876, 5690.676129355033, -2142.1729321488497, -3577.462554842424], [1260.6395978413884, 1949.8261793621896, 1201.2867094479216, -2599.6060616602604], [-304.74093711279653, -1764.9643151354162, -80.42970884440302, 2390.0176417313496]]]",8,23,-15,15,0,1
site_29-36.csv.npy,13284.87416,site_29-36.csv.npy," [[-2910.497748782822, 0.0, -3492.815551467136, 6084.209338462918], [1639.1236479512286, 13284.87416370247, -1832.2634072697404, -3820.8505755387787], [2033.1945534956824, -903.6073021137964, 1411.364701132651, -4797.029757657956], [583.3890664388584, -2556.4827097619877, 1615.7581386592597, -1094.3583439267782]]]",29,36,-7,7,1,1
site_12-16.csv.npy,15677.64312,site_12-16.csv.npy," [[695.7530244337545, -11399.022108571471, 3309.822440081992, -955.8371372426886], [2252.193113127532, -610.8839256639504, -2937.407098947272, 1429.758429639218], [1774.8114869534852, -12611.09354852156, 571.1714842258181, -135.06158440895365], [-4262.333074955674, 15677.643117396232, -3200.9609686570416, -2281.1425591140783]]]",12,16,-4,4,3,1
site_27-33.csv.npy,10004.68349,site_27-33.csv.npy," [[-3521.182465563783, 10004.683490555772, 183.16441542655883, -2462.4452772352342], [-4062.8433284962625, -8716.436538321863, 1729.7941777778751, 9029.269822791415], [-1944.6005518745233, -5650.530887824846, 930.8890016604589, 4139.020256811683], [9174.613813941933, -5376.345496733529, 1083.396570602114, -5310.495072296005]]]",27,33,-6,6,0,1
site_1-12.csv.npy,8504.651042,site_1-12.csv.npy," [[1718.51695522804, -3049.154666039068, 1083.5787945141337, -1540.2784203824217], [5333.996407497354, -5333.996407497387, 0.0, 0.0], [-1041.168931558533, 8504.65104235197, 80.47354519780772, -3726.193908506973], [0.0, -4778.809695574769, 0.0, 4778.809695574797]]]",1,12,-11,11,2,1
site_10-23.csv.npy,3729.88855,site_10-23.csv.npy," [[-188.53380368825415, 2625.3839930953077, -273.493807914029, -1795.3042910930797], [-1260.1385386649993, 1630.292472287496, 0.0, -938.6041165306918], [1230.1114050740441, -100.98287382238573, 1368.3891249589049, -3164.606301289096], [-914.7170982980831, -3729.8885500044244, -901.2294422102074, 3532.154544909212]]]",10,23,-13,13,3,1
site_3-9.csv.npy,12135.47268,site_3-9.csv.npy," [[4076.695156999534, -8005.443141223444, -1902.4047514968067, 447.43253680535526], [-6980.335001621235, 12135.47267577963, 6693.844594800738, -6232.462530220236], [-1810.6765114593065, 0.0, 738.8546356751033, 1216.1849157746187], [-746.2082517513081, 634.8828319310697, 805.6013559558043, -306.7982848772939]]]",3,9,-6,6,1,1
site_3-37.csv.npy,8624.49067,site_3-37.csv.npy," [[-914.4966482771353, -5031.047409784377, 360.97387485940783, 2077.947164964031], [0.0, -6913.294356314631, -5517.2023416760585, 8624.490669571882], [1290.3379733149031, 81.50137929491865, 2307.471761907307, -3896.529464367406], [374.17037546669746, 5368.9232769409655, -2815.070078415254, -1715.9105661131757]]]",3,37,-34,34,1,3
site_10-33.csv.npy,5803.528461,site_10-33.csv.npy," [[4082.0648237107143, 4958.716923061018, -425.8937010934744, -5803.528461127761], [-835.3462987823572, 2502.791515852174, 0.0, -1553.9969769944234], [-3375.3500817930526, -3804.243258297552, 1005.3162914836378, 4760.175471903901], [-1241.1402200398259, -5216.881167368524, 193.82754203154295, 4073.0772176042665]]]",10,33,-23,23,0,3
site_3-27.csv.npy,9147.0441,site_3-27.csv.npy," [[-3795.1161983268007, 1478.569242522785, 1065.5410928702963, 2672.9166317575296], [-9147.044100178387, 0.0, 0.0, 9147.044100178362], [2592.1205166244413, -2803.0644413099285, 920.0003212114352, -3709.8083405494076], [4873.673203500762, -378.65367954890826, -1628.4713647128988, -2672.859628357926]]]",3,27,-24,24,1,0
site_1-7.csv.npy,15679.40851,site_1-7.csv.npy," [[3106.8215177950983, 1920.85462691016, -345.58746561699564, -6283.364430232794], [121.26669358145223, -743.51501834593, 0.0, 504.000769698517], [97.6023349192239, 2480.07536674357, 1379.8365818260672, -3675.5312471842444], [0.0, -10976.619156297977, -6496.7729310230125, 15679.40850864297]]]",1,7,-6,6,3,3
site_13-19.csv.npy,13724.71068,site_13-19.csv.npy," [[406.2835655350733, -3681.6269789888393, 326.3081447907618, 638.2332230251533], [5516.357670649739, -9058.456220891692, -6472.366580008857, 13724.710684919122], [-364.6381336947299, 0.0, -798.3415526896019, 1451.2534454595927], [211.41272646847298, 1618.5506030794083, 4105.108195304746, -4085.3376134844652]]]",13,19,-6,6,1,3
site_2-28.csv.npy,20627.61194,site_2-28.csv.npy," [[3961.6194659870257, -9226.843300355476, 4915.104335218859, -2779.0441333011745], [-3107.902838354978, 20627.61193866847, -5298.194672478888, -2546.1419139938894], [-531.1709098954163, -6252.528083040124, -655.598413940562, 2239.925658358539], [-4344.843868443268, 0.0, 0.0, 4344.843868443202]]]",2,28,-26,26,1,1
site_2-38.csv.npy,11521.60534,site_2-38.csv.npy," [[-240.61446277557545, -2300.1481566666534, 1910.2132733885396, -887.4197304726791], [465.86646450402174, 3604.0494549414984, -4207.814719962994, 468.0602408786755], [-1356.9823031565618, -11521.605338901256, 2014.7656927649864, 858.9731947334282], [1067.2524071655869, 7396.040021602089, -2448.1087554397677, -1056.0966032413091]]]",2,38,-36,36,2,1
site_12-30.csv.npy,11988.0457,site_12-30.csv.npy," [[-288.92638006856185, 1273.450548412118, 3812.6202666587315, -5964.550182252571], [63.524931829505505, 11988.04570436195, -4844.3788282278565, -2204.8340952352105], [2868.304421594293, -3732.0947372608475, 1797.8617522466748, -4208.445273440722], [-4517.261275154507, -7185.038423213097, -3755.4583198326786, 11761.610122380664]]]",12,30,-18,18,1,1
site_1-24.csv.npy,20889.44331,site_1-24.csv.npy," [[-802.4777608991957, -7425.660571468596, 643.0153665434333, 2739.57198716378], [-813.2146718111964, -5288.275385274219, 3969.2948380955027, -1611.50399690347], [3628.6704103710185, -8216.418891034931, 365.3577833638715, 1274.385312122415], [0.0, 20889.44331453176, -6320.083525715474, -14818.108373635416]]]",1,24,-23,23,3,1
site_12-20.csv.npy,18448.62752,site_12-20.csv.npy," [[1010.3602093088217, -1495.6750239385042, -221.5873013661881, -403.3055605702488], [2363.9294877074426, -6339.321021947319, 2408.2003050012436, -1575.717997208602], [1261.724206410169, -3301.9733119305065, 1910.5444543886051, -2707.349396691348], [-4086.790379789692, 18448.627516294346, -3111.418579373461, 537.9957161347492]]]",12,20,-8,8,3,1
site_1-34.csv.npy,7155.127171,site_1-34.csv.npy," [[3649.7460215135925, 2633.29446771186, -151.29088254412113, -5579.370710424116], [-245.17353511390874, -490.5340645240745, 6532.53436482205, -3774.971523003871], [-1436.4088834820366, -2510.8597905203765, -1110.8933793330762, 3552.8041900251887], [0.0, -7155.127171010521, -722.7255253790177, 6186.00241631887]]]",1,34,-33,33,3,1
site_3-11.csv.npy,16174.6878,site_3-11.csv.npy," [[-3002.6034840644443, 2450.7850249862054, 3561.2556159672986, -2041.5644442128596], [-1944.1649536466953, 0.0, -7973.170496396245, 16174.687797860734], [2131.704955184434, -579.6789629229353, -837.5918351770629, -579.8772210317511], [620.8246029929506, -1197.7266309168535, -863.4384186839119, 842.9636894080795]]]",3,11,-8,8,1,3
site_10-15.csv.npy,19348.72016,site_10-15.csv.npy," [[-2544.8170392869642, 19348.72016025444, -1697.0053861578651, -1738.743189732008], [0.0, -860.1814388066346, -146.42769376035713, 860.87106053921], [1233.265129909574, -3487.166883096984, 895.6680353956547, 1007.7011717789945], [2814.0429399429872, -7298.222014319441, 1983.4041756681936, 943.9193698148996]]]",10,15,-5,5,0,1
site_25-30.csv.npy,6416.548301,site_25-30.csv.npy," [[-1247.1097604856323, -2975.8445389365584, -1069.0540895666104, 5350.914457107121], [-6416.548301371431, 4196.228287734994, -3988.1457663304304, 5476.286165607727], [331.9185116180748, 5946.329478480668, 2699.9313964961284, -5853.554342760625], [3364.51327342079, -4382.81989663425, -321.0167835273187, -1022.6184523334557]]]",25,30,-5,5,1,0
site_28-39.csv.npy,6815.324097,site_28-39.csv.npy," [[-1533.8184817164044, -851.4176303606342, 1787.5331746612244, -5428.841464479128], [0.0, 6815.324096665413, -6815.324096665388, 0.0], [455.8912139894535, -4362.044004103754, 3495.383536439411, 0.0], [2907.972559480698, -308.107709928752, -1429.9913173126938, 4326.473472117798]]]",28,39,-11,11,1,1
site_28-29.csv.npy,44552.24044,site_28-29.csv.npy," [[-5438.250148445878, 2531.3734713167355, 3312.2762458598436, -5.720580501495667], [44552.24044230534, -1117.4572177757354, -5127.492327373656, -11522.678394821649], [-4213.818743753, 84.97612094316845, 2476.809401792214, 3569.24765960091], [945.1099149822646, -2913.2877871654723, -1328.5825012948105, 2972.149647524222]]]",28,29,-1,1,1,0
site_8-15.csv.npy,11877.271,site_8-15.csv.npy," [[1153.9298132598149, -6290.987233799637, 3141.224438266531, -391.6246297141688], [6335.275070934151, 11877.271003887488, -4923.330810331021, -6453.6564981914335], [436.56547834679395, -7796.045455988433, 976.5752996477491, 2443.5534254358313], [-1746.42651850268, -705.4373729444183, -1449.7106956029736, 4164.998104412296]]]",8,15,-7,7,1,1
site_19-34.csv.npy,10531.18631,site_19-34.csv.npy," [[3690.6183288407406, 102.99972958117506, 1111.8538036173131, -5436.017961631005], [-2880.3581297223486, 21.363122654471415, -255.8994198910764, 1060.0386763580905], [-2223.177722844551, -3931.504433107393, -4665.149916434128, 10531.186311560094], [-479.51914048992313, 2770.2939767898747, 3138.71343654656, -4039.1230510507653]]]",19,34,-15,15,2,3
site_19-24.csv.npy,24243.65538,site_19-24.csv.npy," [[-319.5903755565064, -14252.595202194467, 2257.68127756754, 6105.100376408937], [4445.036989338998, -2463.994735138867, 208.81585806893793, -496.7863238647057], [-794.9944452934336, 24243.655382790956, -2891.4329718425774, -5354.327151009207], [183.44733658850373, 0.0, 1116.513281790762, -1217.433364446378]]]",19,24,-5,5,2,1
site_17-21.csv.npy,6706.381942,site_17-21.csv.npy," [[-1718.8968897732748, -3361.453376324252, -1690.7246459312216, 6706.381942243546], [-1262.106626761735, 2503.819740855233, 4683.674595464626, -5104.422699464326], [3348.807691567488, -2991.9584492884314, -1533.3386504579164, -1543.7095971570377], [-869.5766370888815, 3616.095743100308, 2050.194815379767, -4765.850815370654]]]",17,21,-4,4,0,3
site_4-35.csv.npy,6658.726966,site_4-35.csv.npy," [[4660.182253159994, 5817.665757861821, -2924.9445255566275, -5348.2159483505175], [-6658.726965899868, -5712.354732330452, 1719.978410545093, 4612.58139221583], [-682.5330447320214, -3292.64005076172, 1430.8611848285157, 702.0032760273842], [-4206.145013272576, -1029.5265909613872, 251.52790842668625, 2327.8659432922695]]]",4,35,-31,31,1,0
site_17-31.csv.npy,7077.504894,site_17-31.csv.npy," [[-1948.7218268302481, 4357.539801785506, -4199.7739046715205, 5922.542285593628], [1725.110450346876, -7077.504893969961, 6147.439921239115, 0.0], [90.1312726950763, 2786.6932386981175, 1125.0789351809058, -2930.289563583309], [2467.4149517692454, -2999.106723458146, 2619.5246348407127, -2738.2150829716084]]]",17,31,-14,14,1,1
site_4-25.csv.npy,12995.34825,site_4-25.csv.npy," [[-317.7918057379673, 12995.348246864774, -2963.179001088549, -803.9489424150722], [933.2379022405361, 0.0, 5171.414909027495, -3715.3606739733054], [1173.9433296181098, -7975.256087959467, 1014.8501054565968, -130.02093535894264], [-1247.2604979816201, -3399.6135020703427, 1417.7447808977513, 1092.739335326138]]]",4,25,-21,21,0,1
site_20-31.csv.npy,10101.71413,site_20-31.csv.npy," [[3543.882205053197, -6917.2824519249, 3573.286338448993, -4177.078553346171], [-1751.467833399781, 10101.714134062096, -3198.2763912365867, -4293.849197128122], [-473.4712718329751, 7202.613784609046, -2451.3036202270678, 1403.1552622682132], [-2097.138686757893, -2597.126904594027, 106.48882345044679, 2370.493399653644]]]",20,31,-11,11,1,1
site_20-21.csv.npy,9431.483316,site_20-21.csv.npy," [[1610.5589562643725, 8100.203772226666, -281.27787011144295, -7001.456236843069], [8739.3076561261, -4354.071994832065, 648.5532284659682, -9431.483315577585], [-550.3820344870812, -5295.393765661215, 201.32223366903554, 3845.044407426436], [-4207.110871141272, -1191.1292863179954, -899.1559226922482, 4723.472015937528]]]",20,21,-1,1,1,3
site_5-8.csv.npy,8016.697642,site_5-8.csv.npy," [[174.48214553633554, 8016.697642442747, -1127.2070780488646, -5360.629792378822], [-2304.6386685536445, -120.94898005129467, -2319.8080835420465, 6122.92128150069], [2837.7292254273557, -7839.804550968526, 395.1811910546855, 3412.1459182487256], [-1580.8927735900231, 1374.4392505000167, 2812.53577728566, -1633.4333243959504]]]",5,8,-3,3,0,1
site_6-10.csv.npy,6803.776796,site_6-10.csv.npy," [[-1767.2672449606205, -1364.5914675191646, -1060.0950025608884, 3402.8638196457196], [-1482.40558376949, 5862.382095003725, -2475.895534070012, -2587.0665949918985], [1690.9968039904984, -2296.9795398233923, 4594.638758757824, -4278.845123213238], [4270.951982761691, -6803.776795959609, -1826.1153877050263, 2422.452895569229]]]",6,10,-4,4,3,1
site_16-18.csv.npy,40456.84784,site_16-18.csv.npy," [[-2760.7320729358853, 4297.92537896114, 847.3930951067547, 744.9973642832568], [40456.84783728519, 6493.129980595602, -14337.527558762242, -9554.344386872588], [-2098.4906459018553, -1541.8573529525702, 2710.745133270063, 148.66609648573765], [-2649.6916732283735, -6145.584861522196, 544.9101640388174, 6631.6881817195745]]]",16,18,-2,2,1,0
site_7-39.csv.npy,9701.57668,site_7-39.csv.npy," [[-962.6808181565068, -1479.3767604878012, 2420.046121185285, -5245.621425274831], [0.0, -3707.47307243477, 3707.473072434703, 0.0], [-2237.782610062722, 2009.2769053117343, -1088.5628378256054, 2603.0167317187575], [9701.576679960137, 1812.602641293138, -4059.257193411971, 1749.1126248092928]]]",7,39,-32,32,3,0
site_7-29.csv.npy,17905.78271,site_7-29.csv.npy," [[-4108.783117530039, -843.5588481134025, 1469.268139760237, 3083.9984024454984], [-1867.6804119275369, 2215.7297928669686, 3092.9357272774087, -2892.151792036274], [-2872.595954220832, 3453.826644678265, 1020.4426340608226, 767.0721722276805], [17905.782713731733, -3534.8075875699756, -4405.434350809282, -3486.328425487922]]]",7,29,-22,22,3,0
site_34-39.csv.npy,5181.117911,site_34-39.csv.npy," [[-1353.9762471015883, 322.002825366673, 225.3346947654915, 0.0], [-1701.950287272101, -2607.5071654581116, 2182.163123416616, 4148.575064384788], [5181.117910651699, -3574.309585011837, 1376.4885501842136, -4916.369803286296], [-3543.2359726370614, 3997.571109675372, -3261.9531956160554, -171.99909744631356]]]",34,39,-5,5,2,0
site_13-36.csv.npy,14340.84713,site_13-36.csv.npy," [[776.1878600425947, -1108.0560245958395, 3384.0500107106, -4729.299961100728], [14340.847130958213, -9285.068485884225, -3271.7987419669444, 634.175682738093], [-4.4676952242531325, 1459.6705279127334, 836.4302221803105, -1695.0129072498578], [-3627.1257754845665, 5619.3814741336955, -2708.7585929454604, 4744.184056394406]]]",13,36,-23,23,1,0
site_0-22.csv.npy,0,site_0-22.csv.npy," [[0.0, 0.0, 0.0, 0.0], [0.0, 0.0, 0.0, 0.0], [0.0, 0.0, 0.0, 0.0], [0.0, 0.0, 0.0, 0.0]]]",0,22,-22,22,0,0
site_13-26.csv.npy,14673.2255,site_13-26.csv.npy," [[215.30853097058286, -562.5064190345763, 2931.567482997884, -2900.6115236531928], [-4718.664002566169, 14673.225501764642, -4682.4164648229, 620.6253581182074], [490.38809871695736, -1220.0901489862717, 2005.045222720377, -2434.0356143404906], [1805.5267525912207, -4506.82524247496, -2564.5070151021587, 2667.550600911917]]]",13,26,-13,13,1,1
site_0-32.csv.npy,23727.66842,site_0-32.csv.npy," [[-1359.3854178219744, 14890.015906602132, -23727.66842236012, -21503.199507760753], [0.0, 0.0, 0.0, 0.0], [0.0, 0.0, 0.0, 0.0], [6311.069886622539, -6311.06988662119, 0.0, 0.0]]]",0,32,-32,32,0,2
site_2-17.csv.npy,12115.79713,site_2-17.csv.npy," [[-1876.2910120184324, -3972.807657991121, 6791.708927297228, -1194.0705443867669], [12115.797125031855, -8200.204602735163, -7041.135595067834, -1295.54753663563], [-544.1548173626074, 0.0, -2329.8712326054147, 2369.748561803353], [-6443.301851888798, 10194.06400347322, 1254.9784850227973, 629.5146350636179]]]",2,17,-15,15,1,0
site_24-26.csv.npy,9513.64972,site_24-26.csv.npy," [[2431.2223797342117, -4692.731213429959, 3393.976094672085, -3005.3206536436605], [-1343.0834799347892, -6254.102684931025, -6827.817945185641, 9513.649719522184], [1961.3682990278612, 0.0, 1555.0335980553116, -3069.2552748611183], [-3428.2345359594847, 4248.892587692336, -929.5994608214445, 1220.8230289701746]]]",24,26,-2,2,1,3
site_11-13.csv.npy,11297.22446,site_11-13.csv.npy," [[496.086567290085, -7165.8738847689465, 693.5225953381513, 390.8934093742721], [-1662.528000142018, 11297.224462937613, -1287.668147983093, -3891.591814042673], [812.1707136318475, 1927.6713686993066, -902.7059474796392, -864.2974228952593], [-315.2619062668845, -4830.329644153297, -94.16749127824677, 2514.4007390285615]]]",11,13,-2,2,1,1
site_24-36.csv.npy,6322.049624,site_24-36.csv.npy," [[2405.9243611387974, 185.36884856759863, 733.5223810963595, -5242.929132768784], [-5566.821083412233, 3280.4994638048424, -6200.016712830383, 6322.049623674946], [721.1385140690443, -2380.0578272559037, 2275.7039661164745, -2359.65009238853], [74.98914393208705, -4101.096469436054, 577.0185509692229, 1329.0396457571428]]]",24,36,-12,12,1,3
site_16-27.csv.npy,10775.60654,site_16-27.csv.npy," [[2714.1253789658, -3717.2414761274413, 32.765823956484375, -1556.6651463201551], [93.27088060643786, -9548.77511303711, -4743.598442454041, 10775.606540175473], [911.1032151334932, 0.0, 2257.587988301956, -3730.083009516877], [-3319.7632860724884, -939.614071589959, 2545.0226332725238, 1130.7701910451096]]]",16,27,-11,11,1,3
site_5-33.csv.npy,11264.41914,site_5-33.csv.npy," [[7383.830432438117, -6673.764164142274, -2035.262157120557, -4593.252025488996], [-3550.028132207676, 1210.5388737353026, -1517.5306659562343, 3909.6447072864894], [-3225.424161820372, 11264.419135112572, 4243.486563063616, -2793.254744408367], [-2913.574883547532, -311.27583532826236, -2246.987718720638, 5060.221924433619]]]",5,33,-28,28,2,1
site_16-37.csv.npy,9562.38658,site_16-37.csv.npy," [[610.7030798641351, -4674.760286786435, 2221.6933065976873, -1380.180975070678], [0.0, -2088.46661470652, -9562.386580029946, 8146.360706913897], [2413.2254312214945, -350.5495403904182, 1598.2826667430427, -3417.7421398056713], [784.6471506699187, -1221.8505525184257, -617.5029148207153, 769.7249035060829]]]",16,37,-21,21,1,2
site_5-23.csv.npy,9090.798714,site_5-23.csv.npy," [[-499.0281302543934, 1825.3761389636898, -1324.3627179772338, 717.8894486505618], [-2326.5222863187328, 9090.79871389613, -1263.4825417121237, -3277.1688571610234], [977.1540330034088, -4063.7206141801266, 1248.100574199723, 696.5679699342408], [1872.886932671339, -3838.9013165514175, 1821.5713441138262, 1746.7403484649628]]]",5,23,-18,18,1,1
site_21-37.csv.npy,7381.090958,site_21-37.csv.npy," [[1839.193818705438, 6374.500839780551, 806.4241145668994, -5729.118731473501], [-1791.9565772424926, -2293.1949284198276, 3917.4810990021933, -345.403718576048], [1315.024526119278, -1873.5992367239407, 955.1610495152121, -1408.690926098532], [-3208.555968030033, -6785.725742203047, -4295.379333106608, 7381.090958280754]]]",21,37,-16,16,3,3
site_32-34.csv.npy,10836.73389,site_32-34.csv.npy," [[-689.4292830512035, -3809.1438864747615, 1265.645837935513, -197.8125525324319], [-444.08161647477266, -2080.566557356466, -8425.006409568241, 10836.733885793761], [2620.5625519283562, 1239.1691442841675, 1106.798109713472, -4491.558339624645], [-1728.9872132069936, -819.6083223659602, 2412.9054655258765, -378.642476263827]]]",32,34,-2,2,1,3
site_7-16.csv.npy,5510.290719,site_7-16.csv.npy," [[-568.220938461029, -3181.517458915331, 2884.2573657426674, -2392.8901573651983], [2731.535028297776, -3846.5230569763107, 384.65938891289585, -733.0865763617886], [91.29847052687782, -664.3779525168443, -418.3346994181169, 1067.7241841023692], [694.8617069816071, 5510.2907185041995, -3644.1523128103745, 1156.2372719956797]]]",7,16,-9,9,3,1
site_0-4.csv.npy,18568.41117,site_0-4.csv.npy," [[215.14485426104943, 8449.790954716973, -15366.960967115945, -18568.411168600986], [0.0, 0.0, 0.0, 0.0], [0.0, 0.0, 0.0, 0.0], [2764.074260646996, -2764.074260645701, 0.0, 0.0]]]",0,4,-4,4,0,3
site_21-27.csv.npy,4374.525595,site_21-27.csv.npy," [[1507.4283092365743, -3984.125080551256, 986.8630670184168, -2213.6409751656875], [3987.412109604333, 3998.0138769379714, -4137.397709662446, -2769.981381085428], [-960.2669785583814, -3957.898166000179, 3464.5474541129934, -3258.915230010226], [-2927.1729430805685, -2062.742712490898, -3535.778146342046, 4374.5255946815905]]]",21,27,-6,6,3,3
site_31-38.csv.npy,19669.43908,site_31-38.csv.npy," [[3056.8289989839304, -11432.351898385043, 836.4687374820588, -1791.7203047628661], [-1844.774252344129, -1087.2410839308989, 0.0, 1650.7368746463976], [-579.1780632626906, -8424.520829552222, 1858.6490046245124, 3726.407896446693], [-917.2292696871481, 19669.43908106019, -1323.9583504886593, -4169.343340756153]]]",31,38,-7,7,3,1
site_9-13.csv.npy,6261.313733,site_9-13.csv.npy," [[-3932.4167002084478, 3447.9178382994883, -2089.9075105563875, 6261.313732737562], [-3664.751101335425, 1836.831578980167, 0.0, 2279.649872873662], [2073.4607165090165, -5213.753950627747, 2626.9316185657326, -2291.3889209173963], [3810.9413093081203, -2640.6854259142974, 1358.5393873866883, -5174.512529069678]]]",9,13,-4,4,0,3
site_18-32.csv.npy,6949.44123,site_18-32.csv.npy," [[-2551.8505136372437, 5799.1174225495, -335.2171526247475, -1048.1446740233835], [-4119.4710872481555, 949.8980592112439, 44.39371799987311, 1250.1731532283247], [123.17820640645661, -6949.441229928129, 3011.764558857082, -58.23676864026698], [4408.393511373592, -3148.6419006379283, -2315.8825142280684, -1324.204067400211]]]",18,32,-14,14,2,1
site_18-22.csv.npy,15121.31076,site_18-22.csv.npy," [[-1325.0555980397698, 15121.31075645792, -2464.610220683288, -4332.759327090382], [1078.4418450775247, -2264.485804221572, 5178.351970279246, -1877.1512038521623], [1022.0526278829849, -6662.372535102339, 1657.1227577473182, 505.95210578021994], [-345.3165496981747, -5676.936781463945, -199.20425003092882, 3680.4570399895465]]]",18,22,-4,4,0,1
site_13-23.csv.npy,8738.325855,site_13-23.csv.npy," [[2239.297396916548, -8738.325855170944, 3393.7424807370885, 1499.1326243316269], [-3605.9921609592016, 4283.433611595754, 0.0, -481.237675634759], [2170.912510842876, -4392.389193834795, 1115.723963334376, -1063.945679998615], [-2735.7378425109023, 7709.543601934824, -2041.056164555707, -3250.9164439635542]]]",13,23,-10,10,0,1
site_0-37.csv.npy,29065.42353,site_0-37.csv.npy," [[-4051.424374764399, -29065.42353247897, -8548.653980141344, 8198.66534000552], [0.0, 0.0, 0.0, 0.0], [0.0, 0.0, 0.0, 0.0], [5356.061585877689, 0.0, 0.0, -5356.061585876392]]]",0,37,-37,37,0,1
site_13-33.csv.npy,13891.04528,site_13-33.csv.npy," [[-1578.3436685594263, 602.2961014035809, 2662.5532295574453, -1748.5189072479975], [-4907.760172648599, 13891.045279019309, -1557.6019940341969, -2588.307278645558], [-44.24120805379818, -3939.4629693222, 1405.1036596289605, 606.8438112080142], [4336.861141410578, -2847.0465909252434, -3696.346009147127, -375.88217042755645]]]",13,33,-20,20,1,1
site_0-27.csv.npy,41533.64345,site_0-27.csv.npy," [[937.9560469768924, -41533.643454552075, -10025.362213162709, 2979.7690009605194], [0.0, 0.0, 0.0, 0.0], [0.0, 0.0, 0.0, 0.0], [830.0170122940017, 0.0, 0.0, -830.0170122927252]]]",0,27,-27,27,0,1
site_11-16.csv.npy,16053.09667,site_11-16.csv.npy," [[2760.4307498097996, -11639.478107290804, 2107.4438163231944, -1801.8846614601678], [203.3570275499888, -4224.923592204133, 2574.699810365564, 335.5389045418033], [-3329.822598799863, 16053.096673984632, -2398.158498154564, -190.69374018845275], [1106.3623963882249, -5755.9853360437755, -1233.8394659970697, 1782.2546122456981]]]",11,16,-5,5,2,1
site_24-33.csv.npy,11589.4459,site_24-33.csv.npy," [[-1271.6081327133588, -4426.820758755691, 3661.508353224333, -296.4906257107808], [11589.445902538158, -9123.063459329642, -7222.603718107078, -5102.769781105859], [-2237.8487389132756, -37.312618931129855, 948.6160099432188, 1863.0662894749576], [-2483.3487629460674, 7350.365604397224, 87.58285876411865, -1062.3104670677983]]]",24,33,-9,9,1,0
site_2-12.csv.npy,11397.59442,site_2-12.csv.npy," [[-699.274719964005, -1617.3882947131442, 1467.018554404499, 809.6966264355674], [-2073.755957078256, -2250.483797256525, -4777.072440142291, 11158.094871750749], [2696.8175841804564, -1416.5825223573247, 757.7395253836754, -5114.949548199676], [-610.8350744385793, 11397.594423158815, 536.8475317698426, -6229.3791962724345]]]",2,12,-10,10,3,1
site_3-5.csv.npy,9434.850573,site_3-5.csv.npy," [[-1535.9803629513895, -1180.6679726778716, 232.21120794784096, 2687.85512604311], [-6073.916012947602, 7401.979167376789, 331.5212381478136, -6027.409417379242], [2456.393627874469, -4080.0703969891997, 1876.3890788809279, -1096.5644819271818], [-611.1395832909865, 9434.850572711764, -3774.5621734217384, 1640.8449775416354]]]",3,5,-2,2,3,1
site_16-32.csv.npy,16147.84442,site_16-32.csv.npy," [[-542.7410693159807, -7411.373577131767, 129.09042153469156, 3330.8150096882628], [0.0, 16147.844422698157, 0.0, -16147.844422698205], [241.6888563195388, -5752.005362382253, 2699.7244834112494, -1457.662809182238], [4909.270498027571, -7953.683127565279, 331.50446590291074, 1073.5419088747533]]]",16,32,-16,16,1,3
site_5-26.csv.npy,11217.44466,site_5-26.csv.npy," [[-3162.8670724046674, -4284.689453547687, -556.394877440993, 11217.444664352914], [5247.549813837486, 1805.2740916404193, -1894.3554666744772, -5111.629426745302], [2250.1038511094093, 2387.138871381633, 2124.278655461884, -4325.81677160313], [-1432.467720108391, -1029.1261880227885, -358.4760293294466, 1666.8345678907315]]]",5,26,-21,21,0,3
site_16-22.csv.npy,12314.20549,site_16-22.csv.npy," [[129.4405059321729, -5639.232030742251, 2792.2624865632, -548.8781031402435], [0.0, 12314.205493682188, -10871.18476453793, -6321.245731739003], [3922.5680293931155, -180.13851925242025, -357.64722213250036, -3078.29374798844], [-1579.210741556133, -8113.970604624662, 2140.397803308202, 4337.5665987428165]]]",16,22,-6,6,1,1
site_5-36.csv.npy,7404.656859,site_5-36.csv.npy," [[-1864.4677629054486, -4892.024202557564, 19.589813675659865, 3825.0429593674035], [-1349.507737088857, 7404.656858626452, -2764.6854517071865, 694.9316388018177], [-167.38667079829992, -1431.004489693853, 3416.678335726136, -3169.9976999214628], [5474.126962860435, 25.607377569388152, -2545.5472738701296, -1594.1161365160638]]]",5,36,-31,31,1,1
site_21-22.csv.npy,5659.367096,site_21-22.csv.npy," [[545.4132680542386, -2963.7198093926595, 265.9641122774682, 910.4048353201057], [-3335.732061880849, -209.24603301642313, 3819.315784045228, -1936.9175217213165], [2018.0232259984784, -5659.367096350165, 28.748498342398015, -434.40622286366744], [-629.9003438737683, 4029.546335848347, -3342.495355449513, 433.9930879880858]]]",21,22,-1,1,2,1
site_0-1.csv.npy,8693.041193,site_0-1.csv.npy," [[-1034.0800474416158, -8693.04119251381, 1930.202156416825, -8693.041192515786], [0.0, 0.0, 0.0, 0.0], [0.0, 0.0, 0.0, 0.0], [1249.0933673912602, 0.0, -1249.0933673899797, 0.0]]]",0,1,-1,1,0,3
site_7-13.csv.npy,10048.63016,site_7-13.csv.npy," [[341.2913890693641, 7900.519305374724, 9.471093216446098, -3089.5326202263072], [84.01506551416551, 2589.7604868957837, 1634.845276959058, -2321.072528130473], [3207.832777838516, -1797.7079199721943, -223.35336001019957, -3950.1174909029355], [-3921.8032537235695, -10048.63015736502, -2066.447720291489, 8657.584417412794]]]",7,13,-6,6,3,1
site_14-17.csv.npy,15678.06823,site_14-17.csv.npy," [[1682.762787994432, -439.18815663802604, -1223.6191876112293, -1001.7108552120878], [15678.068225558534, -8478.203067588764, -2178.1994390991467, -9170.262542777604], [-1694.252574943734, -593.0181925775877, 1410.8397280545366, 1210.274273714846], [-5421.485195811955, 6419.368073145789, 914.1062090605251, 3884.8910494074494]]]",14,17,-3,3,1,0
site_21-32.csv.npy,6554.316377,site_21-32.csv.npy," [[-633.7272670933693, 15.637304223164945, 1596.964900474535, -1543.307120790465], [-1713.245487750322, -4912.644925789203, -749.7923610478127, 4107.27049763997], [-1080.8298184083237, -6554.316376585427, 1323.6290403879293, 1981.9999265099066], [5232.402036975754, 5854.928821627298, -1753.8705287531968, -5665.76415348656]]]",21,32,-11,11,2,1
site_9-16.csv.npy,13267.44364,site_9-16.csv.npy," [[-3625.306034652311, 13267.44363974135, -49.11322794035784, -2843.17614652855], [-5752.4521840369425, -7125.181191098087, 3432.406914240256, 5445.965241983191], [3075.8064238917696, -12249.381811038138, 197.49113944629215, 1797.632146680764], [3693.432372586953, 0.0, -874.8407698565057, -2282.5110969805432]]]",9,16,-7,7,0,1
site_18-27.csv.npy,9149.10858,site_18-27.csv.npy," [[-3657.0483974839162, 0.0, -2770.0708392087477, 6476.716227182724], [7338.994903316917, 3260.4650004145, 3101.6009524909646, -9149.10858002717], [-781.6031935580529, -156.07084109535543, 3013.8980389728154, -3185.319904866556], [-435.7420120485124, -2959.0791981100447, -171.75059043306942, 1339.8367168965858]]]",18,27,-9,9,1,3
site_18-37.csv.npy,5835.77126,site_18-37.csv.npy," [[-2108.0097966676058, -1119.5299894749824, -2611.987866208177, 5835.771260377665], [-379.6011051795135, 4921.3993777865035, 1543.8283959853072, -3828.8382001837813], [2938.979875974855, -1716.4110693893317, 832.4054636637453, -3727.9775981850476], [610.3499197482961, -4726.260675734247, 1499.1203523106374, -232.81676590347166]]]",18,37,-19,19,0,3
site_12-25.csv.npy,14895.26352,site_12-25.csv.npy," [[-896.8507786385292, 1067.883390965611, 1979.7693230506698, -1502.164825135117], [-3633.6924953652897, 0.0, 341.00955517561164, 1687.6886293431699], [727.9143925254006, -7569.09077197777, -856.887379542921, 2572.424845437505], [3684.904903089479, 14895.263519373328, -4744.411868129543, -4566.461136486171]]]",12,25,-13,13,3,1
site_1-31.csv.npy,14100.16551,site_1-31.csv.npy," [[2177.8516768505474, 2045.6871648434683, 3619.290323554115, -5700.877497216527], [712.9829203010827, -5820.621055267757, 80.70057974799396, 4264.701700436821], [183.22162608303103, 3883.9454597809054, -525.0443683990381, -788.5329406961042], [-3933.834183981432, -7121.182972919621, -4053.3716402956115, 14100.16550508202]]]",1,31,-30,30,3,3
site_4-7.csv.npy,3919.220979,site_4-7.csv.npy," [[-606.991357478488, -387.2702249156725, -486.86343973712576, 1347.6176465291717], [-2991.716905450048, 1689.7100651070602, -2086.074623492422, 1245.820801685982], [1820.8055569733926, -936.6817995162544, 1385.2788271511367, -3919.220978799386], [460.0169316015824, -313.69372889525164, -83.39640622962077, -451.2210700810811]]]",4,7,-3,3,2,3
site_12-35.csv.npy,12301.12249,site_12-35.csv.npy," [[343.3810738864716, -2425.0514639327207, -3.2106529975184235, 904.8975205457335], [-3004.1153676462473, -5746.242318381633, 12301.122490407215, -2716.4155584822665], [-4400.314429305575, 3652.417927516451, 1125.1983711525747, 1391.1171296108832], [8492.8238597523, 2077.0979559060934, -4754.332097461296, -3324.5965872187307]]]",12,35,-23,23,1,2
site_1-21.csv.npy,8184.278837,site_1-21.csv.npy," [[3703.2196419173642, -662.3869729614912, -1338.6491063093351, -4923.311151807362], [0.0, -3869.9518305090473, 5298.3420029505405, -1790.3379556448049], [-2614.6301004076768, 5921.393886765565, 51.047285216705966, -618.5563885251687], [0.0, -8184.278836989496, -4471.532478500566, 7863.547121562267]]]",1,21,-20,20,3,1
site_25-35.csv.npy,17841.87349,site_25-35.csv.npy," [[3840.4985843721483, -2775.2513118562656, 182.98746728969326, -2648.205668471548], [-6345.557294048508, 17841.873487214358, 0.0, -3786.9730382480407], [-2942.290855153383, -3448.0895785753823, -297.34927234970957, 3762.4832380967987], [-506.22717755096886, -1512.1001898528093, 1697.5156894956372, -545.656840786921]]]",25,35,-10,10,1,1
site_3-14.csv.npy,12716.08075,site_3-14.csv.npy," [[-3776.0163699081754, 12716.080746225452, -755.155645635899, -966.150734577634], [7953.0769343507445, 0.0, -4012.7069699609015, -3951.6395591214123], [2361.4606222492525, -6550.351880384854, 2225.9790223840346, -1905.6697670989502], [-1565.5875573531719, -8209.836532266696, -639.236084180559, 5144.5065639431705]]]",3,14,-11,11,0,1
site_26-39.csv.npy,4678.832289,site_26-39.csv.npy," [[-1327.7011328448864, 233.95938502008212, 421.91223468714077, 0.0], [0.0, 3150.3576541271686, -3759.6049195427163, 2326.031345201083], [-563.0007012547885, -4349.896765928786, 3459.4647938409107, -4676.575049985374], [4678.832289059126, -1233.086361184192, -208.2096168189891, 908.6168598747402]]]",26,39,-13,13,3,0
site_0-18.csv.npy,0,site_0-18.csv.npy," [[0.0, 0.0, 0.0, 0.0], [0.0, 0.0, 0.0, 0.0], [0.0, 0.0, 0.0, 0.0], [0.0, 0.0, 0.0, 0.0]]]",0,18,-18,18,0,0
site_26-29.csv.npy,7702.318341,site_26-29.csv.npy," [[-2355.649240251259, 1362.9586196234602, 2032.1442278228499, -262.8142601427182], [-2802.1609617152017, 5539.773321357762, -2710.8893968749476, 648.5951363480361], [-2920.7002093381398, -6258.76346114744, 3977.7981814338627, 1284.4378009215382], [7702.318340846672, -2621.401133789726, -3580.88356591998, -1583.3073493896607]]]",26,29,-3,3,3,0
site_11-29.csv.npy,9627.856903,site_11-29.csv.npy," [[-4564.59298013064, -4585.118977621028, 3861.889861543794, 1812.1858070792423], [-3815.9132816616493, 3467.3963525565127, 348.6936853220037, 1161.2111331570516], [9627.856903125643, -1646.4678837298984, -1989.6690867245838, -3564.8795571266296], [-1983.5239294477053, 680.0467018852117, -1743.4723151586832, 2393.8637703039753]]]",11,29,-18,18,2,0
site_6-9.csv.npy,10608.78421,site_6-9.csv.npy," [[-297.3325181323017, 5019.125730922462, 377.5357549868277, -950.0867138747375], [-1142.5714150221063, 633.7283924178712, -390.4705355232991, 1299.6848500036394], [2259.4640933124674, 3012.242845839881, -1357.0257070527523, -2062.3061447420773], [-924.1946431828875, -10608.78420826739, 2574.8857128525106, 4601.5217815096385]]]",6,9,-3,3,3,1
site_11-39.csv.npy,6139.191887,site_11-39.csv.npy," [[32.56644558004993, -6139.191887339941, 5874.720831105612, -4119.445509017197], [-3971.399874369608, 3594.644036023207, -1075.248152631747, 0.0], [2055.274862556581, 4234.562047050642, -4613.940531621847, 3033.2748668169306], [-2023.0665659261365, 599.4341511763599, -283.122785759984, 2152.4243059856058]]]",11,39,-28,28,0,1
site_8-10.csv.npy,10113.10153,site_8-10.csv.npy," [[-1360.057971393178, 130.50969561444927, 141.23841492040293, 1612.8965356688454], [7062.779851185112, -8433.869652344854, 3505.3019574094087, -4286.24876819734], [204.00034461259105, -1527.9762888799837, 0.0, 555.0858226132154], [-1700.8382682538077, 10113.101534027643, -2888.6374723792537, 1690.723749845519]]]",8,10,-2,2,3,1
site_19-21.csv.npy,7627.762334,site_19-21.csv.npy," [[4661.17827616011, -840.9673516576944, -509.03200949684003, -6567.212313213452], [-3116.2350911702597, -4313.1475680111325, -602.2239833513271, 3773.4881720235494], [-2583.4909868137556, -2277.483402787192, -2592.8576421057383, 7627.762334351019], [-1768.3039180826872, 6728.529277343676, 2585.3004964579113, -5193.67313704932]]]",19,21,-2,2,2,3
site_19-31.csv.npy,5653.690454,site_19-31.csv.npy," [[2125.0628296508958, 4543.871571351643, -1047.4228473797768, -4824.256820748042], [-2557.2358970071236, 1846.1259225076328, 1099.2912320645548, -1091.3071923770567], [-1861.7545255354446, 0.0, -2033.2739810397939, 3529.554058807169], [116.99149999655471, -5653.690453662787, 1853.6955253545457, 183.7800983113677]]]",19,31,-12,12,3,1
site_9-39.csv.npy,7224.305897,site_9-39.csv.npy," [[-3452.1008335450006, 3616.561860607797, -1411.754292918512, -7069.443701706643], [7224.305897318612, 566.4575569336296, -4837.241455374254, 0.0], [-1627.2297528381696, -3827.5153889727135, 2812.3128837653558, 5212.380263280288], [1589.1560557618532, -1841.8898713204164, 840.6850167599241, 3025.9834217719645]]]",9,39,-30,30,1,0
site_9-29.csv.npy,8240.549011,site_9-29.csv.npy," [[4057.372379500495, 204.97579819258038, -1999.6023997219488, -2482.472769632086], [4425.5898655444935, 7238.260932699395, -3285.647939206816, -8240.549011290506], [-3268.8776037963057, -8130.106975423772, 1451.9573802636903, 4070.7965952424083], [-2861.848937608249, 256.98157903859175, 1150.2147110683986, 1234.4333621054045]]]",9,29,-20,20,1,3
site_5-19.csv.npy,6354.589264,site_5-19.csv.npy," [[35.172004379603365, -4262.4411420111255, 5259.110421553481, -3079.102710582536], [3542.5295281378503, 6026.485691154141, -6354.58926412548, -1323.687658783225], [-1119.6247587011123, 495.5959325586301, 241.13548387533464, 855.756250767872], [-1690.4126049420308, -3900.038732426649, -3386.9142912262814, 4497.576955934496]]]",5,19,-14,14,1,2
site_23-28.csv.npy,12777.8223,site_23-28.csv.npy," [[1812.645475332781, -5873.208361998096, 1679.3634217058748, -1564.0738334378786], [12777.822302496197, 2689.242275549848, -3231.434746386914, -5912.114045381039], [-631.3219696007282, 0.0, 1920.061619385924, -1126.0625952194248], [-3246.806181944723, -8842.341456620064, -738.5525006313437, 5671.715906083458]]]",23,28,-5,5,1,0
site_23-38.csv.npy,9594.263988,site_23-38.csv.npy," [[1205.0076038716752, -9378.69602880033, 2432.570747730885, -1372.2767039727944], [1838.4101584129437, 9594.263988380093, -2678.200989280768, -6613.047268837069], [724.5365545859355, -9401.16713662299, 1361.3994588334965, -143.67460659051815], [-736.6898295236524, -5845.773848889005, -361.10931456725547, 2910.298663250341]]]",23,38,-15,15,1,1
site_14-38.csv.npy,15868.1372,site_14-38.csv.npy," [[2179.640515848165, -2667.610741435176, 330.33917454264116, -2463.7294326991655], [0.0, 15868.13720319522, 3659.8220840193717, -13155.394765936642], [397.9215739406211, -10471.330064322729, 594.5339423038299, 1495.1201419786244], [1864.9687440011612, -4379.611112992358, 117.25996085655554, 1638.0417400146732]]]",14,38,-24,24,1,1
site_14-28.csv.npy,12988.09396,site_14-28.csv.npy," [[786.3159229011121, 3436.636747445786, -4.2997646845919935, -3432.2848901998136], [-2825.8783714049837, 10965.621956913597, -2451.0019331729727, -6815.044935386737], [-608.1111108328361, -2255.160618963947, 1636.6489004095329, 352.53369750359775], [3172.8178907356246, -12988.093964294729, -811.3298836039842, 3735.116689005794]]]",14,28,-14,14,3,1
site_17-34.csv.npy,6055.313206,site_17-34.csv.npy," [[-3161.353929680734, -2380.3269677781655, 1895.0057614215432, 1964.5485262374664], [0.0, 6055.313205895018, 0.0, -6055.313205895017], [4107.701012264089, -698.1297087469347, -592.8414073068451, -5065.127775031868], [-41.52633900261428, -193.1396166519869, -1764.6693604664424, 1798.3873236687944]]]",17,34,-17,17,1,1
site_4-20.csv.npy,8965.164069,site_4-20.csv.npy," [[-5026.629929945818, 3564.5454445270425, -2856.5480407079212, 7983.821784824708], [4985.793218372906, 0.0, 8965.164068592536, -8913.053194037007], [2399.2548532305004, -2253.3633305688604, -729.357907193107, -2204.1453641220296], [937.1620532582576, 1540.729107563273, 1209.5335504539105, -1829.6453754070074]]]",4,20,-16,16,1,2
site_17-24.csv.npy,7590.10094,site_17-24.csv.npy," [[-971.3482210148212, 7261.815275592051, 536.1642174369092, -4291.649263696826], [-3223.851032570398, -7590.1009403611515, 0.0, 6390.469104654991], [-66.57160018545066, -3880.0544256187454, -691.3257824644994, 2956.155293156112], [1508.9098066789622, -6731.265529458401, -101.59327305073641, -104.53869069535835]]]",17,24,-7,7,1,1
site_4-30.csv.npy,11445.38386,site_4-30.csv.npy," [[-4093.945793872195, 169.7391756147597, -3469.774935681437, 11445.383861834556], [98.71699222554935, 6828.091767816978, -20.168643349292864, -4830.22235440962], [1558.5647690929916, 0.0, 2550.7797095067604, -6523.090789069465], [2747.6349576720186, -2571.657379596769, 2209.143727514544, -2394.573577690653]]]",4,30,-26,26,0,3
site_33-37.csv.npy,9463.854804,site_33-37.csv.npy," [[334.1850493899918, -2038.3313146315124, -1278.1137446329603, 1603.1283678886025], [-1803.119992231832, 2223.8290368850835, 5710.54978595762, -9463.854804272827], [1544.6222804242175, -3360.0604806243646, -123.95370831988912, -853.3230185920601], [-401.5249517254933, -3025.214580039859, -1659.9170553658917, 2833.9248907497854]]]",33,37,-4,4,1,3
site_6-15.csv.npy,22373.64643,site_6-15.csv.npy," [[4841.882245901816, -12754.553195338298, 2708.022190556308, 582.6241508148033], [-1037.0430478969836, 1515.3615337947322, 113.4702634908059, -188.09063010172403], [-3975.178224508453, 22373.646430893124, -4320.452137823096, -2696.0735229376996], [0.0, -7451.044678301312, 2635.4960320721757, 4622.071784482581]]]",6,15,-9,9,2,1
site_20-24.csv.npy,6121.640151,site_20-24.csv.npy," [[119.96579109695826, -6121.640151218081, 1535.7582781105032, 1188.6667994164504], [-4253.025726519298, 0.0, -486.3358590489868, 4459.711497039021], [3778.4862804327695, 2708.755443105341, -501.36685472439757, -3807.0278530379956], [-1922.4058906653247, 2408.108248203491, 254.3473015426827, 36.789028487567364]]]",20,24,-4,4,0,1
site_20-34.csv.npy,7450.090812,site_20-34.csv.npy," [[-396.4981319053479, 4147.324804118229, 553.7524457557438, -4243.178517260837], [7450.090812043516, -4786.386937387059, -2369.672524641136, -2629.3555089284027], [-72.70509816738013, -1479.3418046742004, 1490.9573159457295, -571.1086235912899], [-1361.877416142303, -2411.900022075917, -1582.015982727729, 3335.790256349035]]]",20,34,-14,14,1,0
site_2-6.csv.npy,9783.621892,site_2-6.csv.npy," [[-1466.3713777138264, 5606.750173434306, -552.9949935098144, -3541.7981774521572], [-3616.3371485914618, -7050.612490396101, 9783.62189221361, 184.25369563878107], [2946.3463355554572, -1994.1029022194944, -2805.4852327621934, 2.345107489952017], [3034.434138087208, 0.0, -4674.28703662696, 2979.058181910905]]]",2,6,-4,4,1,2
site_22-37.csv.npy,11246.95671,site_22-37.csv.npy," [[691.6773616162342, -2416.828841079603, -320.84366352817943, 748.7441288990151], [-1074.3054144215578, -11246.956706011662, -580.1373376907972, 7645.821008667035], [1808.6748221192263, 296.9751479965546, 2979.5578039781844, -4945.2427960019995], [-961.3651886418006, 6601.3522743531585, -1177.6977724844533, -1166.117838497607]]]",22,37,-15,15,1,1
site_31-34.csv.npy,8620.982983,site_31-34.csv.npy," [[196.39647888990743, 1156.5249824476805, 3626.4677129144707, -4485.526644458311], [8620.982983397036, -4324.701131240796, -3216.0378592009406, -1003.8992714631985], [134.8563724399819, 5496.78008880939, -398.92228699804946, -3039.4790338659004], [-3774.0492132949967, -4434.09900741116, -1708.3725731244192, 7091.7048929793855]]]",31,34,-3,3,1,0
site_22-27.csv.npy,12334.19584,site_22-27.csv.npy," [[-180.6608378684008, 0.0, 1580.9082157617927, -2521.0547839963983], [-4479.505114568309, 12334.195843422542, 0.0, 533.3763764036211], [1278.1022504472492, -4918.7858454336165, 1697.0779164108028, -1779.546051544784], [1063.2212519476896, -1464.724703689184, 21.997160631009006, -547.5371105341436]]]",22,27,-5,5,1,1
site_4-16.csv.npy,18484.06004,site_4-16.csv.npy," [[-1222.648908395459, 18484.06004195682, -3830.974669255463, -2903.737784711435], [648.6645304779779, -6019.5569917881085, -308.84975313080776, 3134.58123792709], [317.12478200923255, -13248.158826778716, 2579.501058908247, -653.2068634640648], [515.2780803401629, -8843.717220214181, 1757.2874253624038, 2663.847203146695]]]",4,16,-12,12,0,1
site_15-27.csv.npy,10553.72174,site_15-27.csv.npy," [[-540.5817276980285, 6026.770050508019, 820.7485866895469, -3107.363542058574], [-8297.446529055685, 0.0, -3303.36938576713, 10553.721743761449], [1340.8196025346276, -3614.6126105152553, 1270.5202336704324, -1958.832290350474], [2431.3918388753214, -398.0552991454425, 1509.8179928231693, -3598.5294021283057]]]",15,27,-12,12,1,3
site_6-33.csv.npy,5412.894447,site_6-33.csv.npy," [[-2931.0568024422228, -4269.178086742369, 1604.5558726919578, 5244.25971047573], [-1102.1426856301762, 4085.5712407323526, 284.224875047203, -2225.0461742864272], [5412.894447213355, 0.0, -2487.304766434217, -2812.498446454466], [-794.6050162191408, 3944.5878546498843, 1736.0344919309168, -5126.238868254299]]]",6,33,-27,27,2,0
site_15-37.csv.npy,9975.64594,site_15-37.csv.npy," [[430.5824587917404, 220.83070696799552, -629.3867376595978, 484.11849696765336], [-6225.743268996954, -1902.9711343090135, -8156.701418394154, 9975.64594044816], [2940.3552939251317, -3378.993196010634, 2687.4776880880804, -3894.8092455084916], [2020.7349469190822, -2379.8817266019246, 3560.870049101079, -3538.63773153998]]]",15,37,-22,22,1,3
site_6-23.csv.npy,5101.419095,site_6-23.csv.npy," [[1043.3948812196102, -3827.6420942365485, 1038.887645884095, -68.64751848221387], [1570.2066801586752, -541.3069419350676, 248.64361774978875, -713.66417280758], [-2100.503265464561, 5101.419094746986, -492.2061556694256, -1926.7749275105668], [-354.24641158229394, -4384.461109796065, -1712.6394397435295, 4698.972068852792]]]",6,23,-17,17,2,1
site_32-38.csv.npy,15993.47422,site_32-38.csv.npy," [[2560.6070345221683, -2697.738214891883, -943.032363050558, -1094.5675835272982], [-5512.36658549606, 15993.47422349089, -1828.1326364721278, -11277.502899405355], [480.2938981353084, -8624.397138871549, 1005.4130995882957, 146.7523576755502], [65.61441736232959, -11446.768338502285, 1592.6223965571378, 3536.6289511445766]]]",32,38,-6,6,1,1
site_0-8.csv.npy,1876.077118,site_0-8.csv.npy," [[-1745.8798457864455, 267.8456674619913, 1876.0771178612779, 231.3212582666914], [0.0, 0.0, 0.0, 0.0], [0.0, 0.0, 0.0, 0.0], [1499.0560345890228, 0.0, -1499.0560345877416, 0.0]]]",0,8,-8,8,0,2
site_8-26.csv.npy,5375.826544,site_8-26.csv.npy," [[26.626228499216047, 1977.5851531047892, 2261.822819601286, -2959.1839163532127], [2962.8354348476346, -5375.826543835482, -2228.8914198387324, 558.566799067986], [-1267.1494677493388, -3634.899635455494, 1544.0030498670076, 1077.7826411083754], [-2540.5852953306953, 3175.585601042212, -193.80143181040935, -617.3026468127771]]]",8,26,-18,18,1,1
site_8-36.csv.npy,5222.096748,site_8-36.csv.npy," [[1287.248349257329, -1861.638203511117, 1063.0859170789813, -2581.398843480883], [-2891.340911025639, 5222.096747701927, 1853.00282568524, -469.30471494471544], [2313.4437094644272, -1986.0035647922975, -1250.463172829224, -515.2628283447734], [-886.7841702859444, -2899.6313248535416, 745.226830166667, 1373.3060535418167]]]",8,36,-28,28,1,1
site_29-33.csv.npy,7825.63378,site_29-33.csv.npy," [[4472.31929776076, -7543.349855962699, -2556.9396507774177, -1099.569744746584], [-7825.633780115906, 705.974464888422, -4924.420115297154, 7433.938949460581], [-1461.1943507640794, 0.0, 3263.044004292596, -2148.876446326946], [1368.2813842548378, -6159.108652722956, 1021.6898839171727, -731.3231119952184]]]",29,33,-4,4,1,0
site_1-2.csv.npy,19328.04999,site_1-2.csv.npy," [[4375.433502111145, -9360.827771565071, -114.40753463009838, 5112.355053423457], [27.91041916510432, -4205.630034906764, 3482.1024766142623, 0.0], [-3361.510749529205, 4319.488356505005, 3157.041146708621, -1312.235938891836], [-6488.665084890431, 19328.049990960735, -8561.927478093383, 0.0]]]",1,2,-1,1,3,1
site_37-39.csv.npy,5995.792311,site_37-39.csv.npy," [[-1370.1306864794967, -3444.5269709084223, 2894.9850137419544, 0.0], [-1347.615512483311, -506.9902588801066, 3336.716691255813, 0.0], [1795.489628334777, -3636.945275033939, 3314.5032342654686, -3861.415205338095], [-905.8947768447309, 5995.7923114781, -5076.789427412665, 496.9399771336274]]]",37,39,-2,2,3,1
site_34-35.csv.npy,21280.04043,site_34-35.csv.npy," [[-2823.411826585038, 21280.040430000692, -1072.3861970303824, -2116.004133210974], [-2946.994934801887, 0.0, -2618.5356568568222, 3066.014436283413], [-1066.8022783506449, -4326.305997666967, 2584.233189687618, 1028.2628491641008], [3506.702390293055, -4185.709770482631, 324.0240009622301, -1530.974670484444]]]",34,35,-1,1,0,1
site_1-17.csv.npy,16956.48143,site_1-17.csv.npy," [[-3013.3959958698238, 4158.204837439834, 3226.648215578541, -772.7524417487992], [2782.906663898152, -1801.4846812133962, -1094.6770038894897, -835.4589984403989], [-4707.471773268575, 2617.8551026521277, -335.89062102699853, 5515.35688305833], [16956.481430407694, -11390.65847282462, -576.1115650689452, -10090.644571698382]]]",1,17,-16,16,3,0
site_12-13.csv.npy,14290.64669,site_12-13.csv.npy," [[3876.3128553080546, -5650.209776400716, 3506.5393555103806, -4358.571717840599], [1272.75044507454, -2048.2367429020283, -1670.8875880715048, 1848.2480582820633], [793.4305341508549, -3401.020817153967, 924.0558895783232, -387.02365706365464], [-7295.701029687803, 14290.646688299264, -3246.6281059445673, 9073.564213709691]]]",12,13,-1,1,3,1
site_27-36.csv.npy,9921.14312,site_27-36.csv.npy," [[-2373.879804878525, -4713.664876892522, 2633.632930735515, 1992.1170989721018], [9921.143119706241, 0.0, -1576.3491836753135, -7387.995678150441], [1745.7037983643147, -2653.783512307446, 1961.167429405917, -3691.0280211782024], [-1673.5879382958162, 3268.542322088762, -3639.8885089195887, 3512.8373367408726]]]",27,36,-9,9,1,0
site_10-36.csv.npy,12342.51366,site_10-36.csv.npy," [[-1213.264989963705, -5562.495546799695, -278.5727615811806, 4548.649749115532], [497.52227008268983, 0.0, -1981.355095068202, 1019.7464845733097], [-1067.0277176791578, 12342.513658290605, -34.50225465367262, -6251.5067290160205], [2044.8861663934958, -3464.137912644564, 2289.0427699356833, -2028.5424416175592]]]",10,36,-26,26,2,1
site_3-22.csv.npy,10013.52351,site_3-22.csv.npy," [[-741.6809698978534, 6652.071505450468, -611.480953965271, -3319.946329302394], [0.0, -9465.895213472753, -3053.761401048806, 10013.523507054622], [1833.8278303681207, -2105.499117128535, 1894.053734594224, -2555.131814348886], [-1312.4240501766678, -7300.840481632442, -1999.5282997284146, 5655.992314254323]]]",3,22,-19,19,1,3
site_10-26.csv.npy,6982.033793,site_10-26.csv.npy," [[-2960.7403268080234, 3228.699403582593, -162.33418377446628, 3299.241445429784], [56.8024214686144, 4972.816059308559, -246.64973101881307, -4689.897349574641], [6982.033792985895, -3840.248780538075, 1767.7900765976906, -4811.1835175936085], [-1500.1490500945897, -1824.278216987382, -746.9906679650269, 2867.551579046422]]]",10,26,-16,16,2,0
site_3-32.csv.npy,13665.48772,site_3-32.csv.npy," [[-5152.473757104519, 13665.487722962664, -1838.5334378306693, 400.1672882250467], [9297.058494403247, 0.0, -4415.4310480190225, -7738.349452208074], [3139.8619631073566, -10626.373201238319, 2668.4548822450706, -463.1421696409713], [-1766.3574452312516, -2266.677310444619, 572.0551002778387, 2848.341779123636]]]",3,32,-29,29,0,1
site_8-19.csv.npy,3703.905343,site_8-19.csv.npy," [[1656.4074240682805, -633.294717114338, -2176.998937984719, -83.06802221063022], [-2449.2241117292638, 829.7852967393706, 1203.7329341297889, -456.21974883689757], [-942.418229946415, -1878.0141328757002, -2142.615350171238, 3703.9053433812255], [2470.984020759688, -2603.8124552287345, -872.7151659595679, -1788.3657943861494]]]",8,19,-11,11,2,3
site_19-38.csv.npy,15147.64903,site_19-38.csv.npy," [[2879.191078441245, -6730.846893273955, 302.54545706442656, 1083.401829819564], [8557.005971747449, -3308.1663283593452, 326.85341087651835, -807.4755947235017], [-3321.002037354309, 15147.649027350704, -2471.846830210693, -745.7228380154127], [-1768.9200611232466, -434.64078895132457, 2020.6785373547516, -648.3991966513757]]]",19,38,-19,19,2,1
site_19-28.csv.npy,21282.55338,site_19-28.csv.npy," [[2703.7197139270993, -7024.39640872311, 735.095416022279, -3037.4149267001458], [4372.402378347997, -4387.422437587102, -1683.4352274550101, 1768.6321599302787], [-3425.417443879262, 21282.553380747184, -837.7118109609518, -3040.2099893114582], [-1159.0957151208854, -10294.134307247139, 1243.1954062367724, 4761.587416135233]]]",19,28,-9,9,2,1
site_9-20.csv.npy,16119.49116,site_9-20.csv.npy," [[1730.7223666894297, -4815.498048776345, -3756.007479874559, 2995.2696225474137], [-6525.836000073583, 16119.491164039739, 15623.170082566763, -8882.148806142399], [339.6371646650012, -1964.219625934664, 2487.547903959378, -1821.2221305638366], [-121.2253882033774, -469.52178280952444, -1052.3466810541368, 1192.9129431932633]]]",9,20,-11,11,1,1
site_9-30.csv.npy,9254.691714,site_9-30.csv.npy," [[-2494.709722441988, -297.9950123327049, 551.7729230939312, 2672.986370203798], [-5970.086659902723, -2110.4101269708995, -5855.89114720403, 9254.691713972818], [-22.741703507474636, -145.10431320737663, 1549.7571093564707, -1566.516122460626], [5621.866068034469, -1214.7439483110022, 20.157400949157857, -6162.283780065152]]]",9,30,-21,21,1,3
site_23-31.csv.npy,7300.948997,site_23-31.csv.npy," [[1163.8164297154135, 0.0, -210.93813778334956, -2390.1704862229026], [-948.3635332930824, -384.9047231781106, -6996.618025209856, 4362.34236936068], [2310.2742413278206, -4847.309236031194, 478.3616546165881, -2364.63684394209], [1411.7616791077771, -5279.410307327836, 7300.948997447475, -3763.451619622951]]]",23,31,-8,8,3,2
site_30-32.csv.npy,9760.218968,site_30-32.csv.npy," [[-1278.2864497954424, -9760.218968450861, 2446.364995548874, 2133.3055385334183], [-3687.467672290835, 9024.225263386641, -588.647271199795, -435.66033573818896], [2580.8195545082394, -9085.888932821399, 1810.7159394791124, -1678.7530441800668], [569.1788568273448, 6376.5272415419495, -4744.56651855249, -841.5729219315118]]]",30,32,-2,2,0,1
site_5-10.csv.npy,9002.000884,site_5-10.csv.npy," [[6296.633071517415, 0.0, -2677.6811087126935, -4169.650639980569], [-4417.532278433014, 994.6619365660318, 9002.000884226862, -1841.4198922671278], [-492.22765627734157, -2764.5017083606726, -155.72507538458083, 2027.5613432617745], [-3853.4461992931606, 387.8427640534958, -779.9356575003033, 4716.537357683066]]]",5,10,-5,5,1,2
site_14-21.csv.npy,11416.90176,site_14-21.csv.npy," [[863.0954916467615, -1126.9723002652845, -872.4883783424501, 551.398272049598], [-2041.117249206104, -10017.871605687817, -1855.5826990343912, 11416.901762804751], [998.0656960610078, -3185.575736999389, 2506.1469215846687, -2444.4409709304146], [1323.9592641932798, 4815.1958899864785, 91.17746644794067, -5292.60523886954]]]",14,21,-7,7,1,3
site_7-35.csv.npy,6284.481713,site_7-35.csv.npy," [[-1811.2581103837977, 3572.913487573568, 112.73258007269295, -506.9581666310174], [-5059.889683608622, -1454.9376138676216, -651.5063848479749, 4082.590273420283], [-1904.2158968124154, 0.0, 1396.1013670553643, 111.07576916501168], [6284.481712508345, -3490.0819465301065, -2654.37315825466, -2238.7568385312625]]]",7,35,-28,28,3,0
site_14-31.csv.npy,12183.57997,site_14-31.csv.npy," [[2845.3612912331405, 3880.7003498079384, -1329.83457581826, -4397.514810182476], [0.0, -12183.579972725025, -1046.420543638307, 8463.52059395979], [912.3729068810036, -2370.8139695558184, 202.75327234275213, -265.62428860518423], [-1664.1296134638342, 1641.4018559920034, 1550.7131446225776, -1138.2641444676506]]]",14,31,-17,17,1,1
site_7-25.csv.npy,4928.168347,site_7-25.csv.npy," [[-519.4652488012415, 2322.5545075758646, 1241.8245847106894, -1384.0151888481578], [-1936.86425724972, 0.0, 3423.8104455605544, -1788.1479037461731], [-2234.2940458034714, 0.0, 727.0564740830729, 2895.322572052422], [3556.6830546019937, 1695.3272605051118, -4928.168346978475, 139.92983612663548]]]",7,25,-18,18,3,2
site_4-39.csv.npy,4368.840261,site_4-39.csv.npy," [[254.98093240989246, 4368.840260821287, -3912.4998251495126, 0.0], [0.0, 3477.6276884821746, -3320.5449429149726, -383.0699505378255], [-48.366624141065074, -3407.345727755693, 3146.2080613626144, 0.0], [-1339.9612532395895, -3486.3178340045365, 3296.125876919486, 256.82842974714396]]]",4,39,-35,35,0,1
site_4-29.csv.npy,8367.023964,site_4-29.csv.npy," [[6784.2324217629985, 155.63494333389045, -1550.9334976461755, -4130.266585244678], [-6337.784355483472, 8367.023963895355, 0.0, -338.67220504768505], [-1204.0849333539004, -4416.838077388622, 2457.1168086994535, 1524.452254072932], [-3474.0882862312287, 0.0, 506.15810550626134, 2691.792986779932]]]",4,29,-25,25,1,1
site_15-18.csv.npy,15291.07031,site_15-18.csv.npy," [[-1349.1866622275531, 872.6846431773849, 1546.691924053433, -508.3925594441521], [15291.07031303398, -4195.208254547261, -6539.345942718111, -3426.2926548565374], [-2885.9470980948536, -4681.379423708616, 2431.684537802809, 2614.2081497077747], [-3847.7438797366804, 3098.6322411371893, 813.4518464364609, -370.02893626785186]]]",15,18,-3,3,1,0
site_1-28.csv.npy,8685.146321,site_1-28.csv.npy," [[3615.156076845084, -4379.445952841894, -750.137742962451, -2215.1423347207096], [-1276.3072848706706, -3174.8696390669834, -476.16181561397434, 4286.084538621811], [-401.17696819446803, -8423.725583644022, 816.8370037347285, 3054.1269784300694], [0.0, 8685.146320921689, -1493.7381113574224, -8145.959579974147]]]",1,28,-27,27,3,1
site_1-38.csv.npy,11836.78999,site_1-38.csv.npy," [[893.9539078430324, 5693.527686382626, -671.6200543202599, -2215.6402111855095], [1623.7782940418674, -10489.578045424207, 7031.2883371749, 1498.7201370065593], [649.0572507581031, -11836.789992771235, -1135.4794463939916, 4615.676197767919], [0.0, 11440.07359208426, -1132.8744193404368, -9558.214564458125]]]",1,38,-37,37,2,1
site_10-19.csv.npy,7061.355016,site_10-19.csv.npy," [[-1885.9602034525453, -5501.358304182674, 6493.041537810501, -1965.760162375819], [5829.4032858934925, -5033.1881642803855, -2339.0472327251528, -1110.5473143350578], [-1269.6869510265328, 7061.35501630809, -2318.3289151182844, -802.2942000510026], [679.9853316649217, 1177.6282549648101, -5015.1277891418285, 3404.935941205343]]]",10,19,-9,9,2,1
site_0-11.csv.npy,17594.9629,site_0-11.csv.npy," [[226.04111934695507, -17594.962896582874, -4398.740724144525, 2296.1489966644494], [0.0, 0.0, 0.0, 0.0], [0.0, 0.0, 0.0, 0.0], [818.1833424797919, 0.0, 0.0, -818.1833424785166]]]",0,11,-11,11,0,1
site_13-15.csv.npy,11812.47273,site_13-15.csv.npy," [[1427.3024146891964, -8438.800337235109, 1784.1489561047501, 1791.8706790209555], [7000.893159451453, 11812.472728382769, 0.0, -10983.288484523158], [2164.974166817527, -6738.944160604293, 2425.1874418397774, 1341.6532733748072], [-5721.778234137829, 9742.655620766913, -2195.955463544982, 601.3387017047711]]]",13,15,-2,2,1,1
site_26-30.csv.npy,7160.746632,site_26-30.csv.npy," [[-516.5092143464442, -2655.9661667026808, 2542.6788943381785, -2351.217164228104], [1027.3022178277422, -6063.418723495194, -4022.553958072806, 7160.746632240091], [3211.0858896403347, -3347.7164997881923, 3180.84417273453, -6058.320804514455], [-3811.8820546275906, 6259.854085941148, -2460.9671557829097, 2275.357273417262]]]",26,30,-4,4,1,3
site_11-30.csv.npy,10771.73653,site_11-30.csv.npy," [[2907.656913008381, -725.5621889987564, 2755.0994295473424, -5288.68511003845], [-633.0072768080489, 7199.561081651717, -1810.240188798047, -6422.565524057606], [-4661.995654201393, -1596.9700938934777, -1273.6836593674866, 10771.736525065566], [2490.6026344729685, -1763.5269409279354, -95.64310080564866, -1506.081093112697]]]",11,30,-19,19,2,3
site_2-24.csv.npy,18359.72261,site_2-24.csv.npy," [[1253.0145194758934, -3022.4896513987587, -422.01137766325326, 803.9575281884811], [-5938.178939484398, 18359.722613253223, -3186.5185239196403, -35.75813917404185], [336.01610188223805, -7818.269253455834, 3658.3577276431165, -656.833162527165], [3364.5850075110243, -3157.421026550427, -2659.7648693184183, -42.73718437485456]]]",2,24,-22,22,1,1
site_11-20.csv.npy,7610.474985,site_11-20.csv.npy," [[2149.2254933276254, -1198.7279302013385, 4958.073111323965, -5467.009592827925], [5063.392983333385, 0.0, -224.337230804181, -5565.468318471], [-3947.3677437968176, 5359.861768834143, -4776.152104689124, 7610.474984531849], [-1495.5795478405994, -3907.460193210792, 1762.428430398536, 959.0744056069848]]]",11,20,-9,9,2,3
site_2-34.csv.npy,15294.72538,site_2-34.csv.npy," [[4395.097571561803, -405.0491771706313, 187.19025750387812, -3458.2953742875025], [-4706.190580841755, -6250.932506188443, -3383.5147139850055, 11370.046650084552], [-959.5915718404467, -1076.521084628743, 2857.715623710304, -2183.6315183610486], [-1621.492421442204, 15294.725382996916, -1423.0194376170657, -2859.4046573026762]]]",2,34,-32,32,3,1
site_28-35.csv.npy,16293.38714,site_28-35.csv.npy," [[-2946.4611121477315, 8874.771262715394, -473.8882460128581, -833.1028476263577], [7487.393102230666, -10698.250227987983, 16293.38714437744, -5733.366689654977], [-2046.6648824861643, -1249.872915677645, 207.5894646001331, 2253.245318980661], [383.39641178971164, -3787.7758912637037, -1539.9317119489217, 2505.267905142047]]]",28,35,-7,7,1,2
site_8-37.csv.npy,11552.29575,site_8-37.csv.npy," [[1937.24815867087, -3806.5204680322404, 346.90100737808314, -1459.5093536168038], [-3327.881436044085, -11552.295751492662, -612.7316165055494, 7586.410853881626], [-67.46513126576413, 557.4011839617255, -278.9675175350691, 119.13095465399697], [-833.9959468170814, 6691.287872170393, 2304.5173210324742, -6360.530281662009]]]",8,37,-29,29,1,1
site_8-27.csv.npy,10156.79667,site_8-27.csv.npy," [[-1723.4960068307319, -2992.850284892617, 1383.3132852155302, 1567.5990288682683], [-4216.9469868052065, 919.3880100661387, -3658.012915784921, 6648.8995718002525], [-1161.0539474702382, -2069.8423186049567, 4070.643144021283, -3068.0183174430613], [10156.79666989302, 0.0, -484.4456937406866, -5769.904789822717]]]",8,27,-19,19,3,0
site_6-22.csv.npy,10384.84731,site_6-22.csv.npy," [[2184.297639888818, 1040.1239223457194, 532.3297483708251, -3186.3868298435527], [1974.985087821412, -5934.805351402638, -378.66979637721295, 3674.915228693792], [-1175.057279283448, 5835.149897254202, -2655.403100341857, 25.970491765022945], [0.0, -10384.847309271572, 1588.7102852971018, 1698.0827513965598]]]",6,22,-16,16,3,1
site_15-36.csv.npy,14249.67497,site_15-36.csv.npy," [[4053.167555451881, -1948.346711151728, -508.3834044512531, -5257.013188800382], [-6336.508420262252, 4003.1622154437177, -8062.585976579214, 14249.674965471087], [1282.5569868658204, -3331.1157401226424, 1382.9587323472415, -1995.0167104620746], [-561.0883374477571, -1122.6348134503396, 4498.014698866911, -2890.8753447441286]]]",15,36,-21,21,1,3
site_6-32.csv.npy,11792.85829,site_6-32.csv.npy," [[717.0150435052523, -4675.030042937802, 1846.153666325263, -637.635506305641], [-2560.299139791883, 2895.501220561247, 2205.4054801383886, -1554.3905179501066], [-1030.947479354754, 11792.858288579253, -1942.8584880952596, -2604.4590699739997], [1875.4581346464672, -11557.716594119564, -1940.7073496610599, 7713.949661458387]]]",6,32,-26,26,2,1
site_15-26.csv.npy,7785.538293,site_15-26.csv.npy," [[-220.7814042294621, -5271.317527101837, 2293.203995994479, -241.76129649321888], [-480.576054690233, -4084.694590805127, -6418.159112261496, 7785.538293032039], [1101.0161546120028, 1034.374515588677, 1388.8631103700104, -4019.7231895483637], [-10.64029094587935, 2280.2978750399598, 1483.08108209622, -2061.441024916222]]]",15,26,-11,11,1,3
site_22-26.csv.npy,7099.12676,site_22-26.csv.npy," [[222.59831071901834, -4285.98068798748, 2392.1616552300998, -897.7823019236133], [-1848.1422916231647, -7099.12675997949, -4207.749500483025, 6770.709476327468], [-223.19029485458393, 3077.4283621178392, 1237.9287928355488, -3596.3808003856498], [3470.5546469804895, 511.7344658390926, -1326.7989357426607, -1503.6054591376162]]]",22,26,-4,4,1,1
site_4-17.csv.npy,13268.06408,site_4-17.csv.npy," [[773.1546018837687, -7850.055273529871, 179.84871500210815, 1412.3041723129645], [6451.356217816811, 13268.064076706327, -5657.618926168071, -2443.7987073896566], [991.2567316858928, -73.0492987123364, -374.2613654349473, -955.847730211322], [-3458.6485630669013, 618.61310530522, 2653.6919468037977, 1826.0263363335966]]]",4,17,-13,13,1,1
site_31-35.csv.npy,8478.722057,site_31-35.csv.npy," [[-443.87150703616754, -379.4522588386528, 294.7369546912355, 79.83372885902469], [0.0, -2167.2913138049976, 3417.1703925611, -2744.246377355052], [-3888.669916095056, -753.2571043292625, 131.30838216727034, 4218.576224080425], [8478.722056533505, -3339.598753609318, -2373.6303333328015, -2365.819306235052]]]",31,35,-4,4,3,0
site_22-36.csv.npy,8173.201388,site_22-36.csv.npy," [[1551.2173316718265, -2476.639961283636, 295.5526284053973, -1327.9363304533447], [1181.8773473520548, -8173.20138832366, -2388.5512948822293, 7509.332883205684], [-564.2104412006107, -3201.8024042318893, 4279.362493228358, -4687.540566353394], [-676.2260855663618, 6949.847003788767, -2295.9656616731177, -35.69138859197805]]]",22,36,-14,14,1,1
site_2-7.csv.npy,12800.54811,site_2-7.csv.npy," [[3077.292439307599, -2150.742052872828, -1273.721378688631, -804.1526385572982], [-3486.1201025648475, -5937.721342426378, 2861.7873447414822, 4100.7312335296165], [-698.4865264103374, -756.1443748639322, 1603.7403530592778, -704.6521916186425], [-2056.1461705334573, 12800.548112515438, -3298.9679440944647, -4556.108580170828]]]",2,7,-5,5,3,1
site_0-9.csv.npy,0,site_0-9.csv.npy," [[0.0, 0.0, 0.0, 0.0], [0.0, 0.0, 0.0, 0.0], [0.0, 0.0, 0.0, 0.0], [0.0, 0.0, 0.0, 0.0]]]",0,9,-9,9,0,0
site_32-39.csv.npy,11777.60181,site_32-39.csv.npy," [[-1262.6307716685387, -435.3774895523509, 941.8616980622621, 0.0], [0.0, 11777.601810225173, -9996.668532107851, -7722.8340566386205], [-323.36389161362774, -4860.752917170641, 3559.8708909610277, 0.0], [4491.884735282211, -3047.408607774234, 2415.62060570621, -5836.287452289595]]]",32,39,-7,7,1,1
site_37-38.csv.npy,18796.22388,site_37-38.csv.npy," [[1514.460331129986, 0.0, 166.26322879093334, -934.0447273841479], [0.0, -3615.3547629149657, 2117.201237341334, 2662.552388814389], [830.0322491169203, -15594.141177938583, 1481.2404601882613, 5756.5475739570165], [3143.651293071367, 18796.223882960294, -2093.068592466536, -5798.941245227464]]]",37,38,-1,1,3,1
site_1-3.csv.npy,10765.42608,site_1-3.csv.npy," [[-2082.980691037324, -5373.655067547194, 696.9140733213978, 4527.182973386724], [619.7560814675834, -5674.734968834829, 1364.3660594185885, 246.94499967569962], [-880.8009572305547, 276.27754741057646, 908.628784000298, 55.86564970344781], [5111.374131841151, 10741.353090999111, -6078.336705487892, -10765.426077045156]]]",1,3,-2,2,3,3
site_3-33.csv.npy,9200.742958,site_3-33.csv.npy," [[3915.2510797281884, -3679.8838765218147, -2568.9908173090944, 159.5138492671925], [-9200.742958453036, 0.0, 556.1611775235182, 8658.063459600526], [-1355.3726855725167, -171.2798541472569, 2790.0993553619533, -1662.7702351811008], [612.4108664917875, 4479.0137793514905, -332.7734631253692, -3222.661858734753]]]",3,33,-30,30,1,0
site_10-27.csv.npy,10127.09791,site_10-27.csv.npy," [[4.825627184810866, -3608.4424140831397, -1253.2889182543834, 1789.1594352463321], [10127.097910369239, -2526.9895272710064, 325.5944453548857, -5753.866561399491], [-1146.2485914273855, 0.0, -261.83933590872346, 1644.7356371561302], [-2038.2857180215085, 1195.024401207332, 2456.1957228365427, -897.5225091901489]]]",10,27,-17,17,1,0
site_3-23.csv.npy,9234.425362,site_3-23.csv.npy," [[-1531.5148203559672, 1467.5297340757454, -1631.5375021485697, 1681.2696005382584], [-2894.2454307955527, 9234.425361804888, -2838.75555238618, -5588.288069465644], [2460.49279751674, -6359.237773482746, 1825.374514061852, -506.5331510456526], [20.975786299160763, 522.0413667915745, -246.3155068605001, -321.1481995816853]]]",3,23,-20,20,1,1
site_10-37.csv.npy,7840.419294,site_10-37.csv.npy," [[437.45815300942354, -912.1321658334789, -45.3832660787208, -221.19150861644127], [1149.0437070596968, 7840.419294387668, -3142.241365970799, -5902.54510763119], [121.11899620496168, -3075.4084079975664, 613.1302346859528, 443.2115249875612], [-1808.2759896325779, -3551.381606994645, 373.4378965639463, 1592.653124775922]]]",10,37,-27,27,1,1
site_27-37.csv.npy,5415.667062,site_27-37.csv.npy," [[-365.8367296319698, 3687.054973544633, 2627.7748340654234, -5415.667061803402], [0.0, -2369.256553617199, -2592.775094392601, 3304.7059093921025], [627.7058342444366, -3975.2067350307925, 442.04745941257914, -325.28423369025245], [-1260.374955823777, -3203.8838078758904, -2143.5551288112365, 3027.7583384469694]]]",27,37,-10,10,0,3
site_1-16.csv.npy,10705.66776,site_1-16.csv.npy," [[-525.4111982583037, 2935.619747520178, 570.2693112135164, -1838.744892134666], [-2036.151452462411, 0.0, 2654.369422736017, -1527.8794691537942], [4493.141216269936, -10705.66776023886, 206.30885699257902, -730.4151561674025], [-6901.697695005386, 9779.674942281126, -2756.8672408700904, 421.1194961080361]]]",1,16,-15,15,2,1
site_29-32.csv.npy,11415.81196,site_29-32.csv.npy," [[-4075.1421300886864, 6214.157983369826, -725.3656811422878, 984.2075645325322], [11415.811956935879, -2123.147621550634, -3607.314527130842, -2657.5280322138487], [1674.8252065587596, -8992.74214561325, 1642.1138330971978, -917.9509326472512], [-1271.0356546934518, -5577.295820937162, 1895.797794195665, 2174.575038496876]]]",29,32,-3,3,1,0
site_7-24.csv.npy,10542.8793,site_7-24.csv.npy," [[248.68585443652668, -8599.474697340469, 1587.7575972545717, 1973.2560051851246], [1832.832271034154, -7541.6215762498, 756.9392889728804, 1458.0181933864544], [1251.0155579172754, -7330.805213998174, -535.8933666006579, 693.6996577100333], [-4245.490596964538, 10542.879295754012, -2759.6071741583373, -3283.5712823695876]]]",7,24,-17,17,3,1
site_14-30.csv.npy,9910.568144,site_14-30.csv.npy," [[-1611.7435909362996, -4862.722398016883, 2610.8865835949528, 27.44901855044627], [-4834.9112415044165, -7611.361946318621, -1894.397226099605, 9910.568143930384], [1310.825498621015, -2840.8389687570384, 2072.987337628759, -3084.5357162978485], [2726.7996756749926, 8060.256408746405, -2230.126085724944, -4244.777249427471]]]",14,30,-16,16,1,3
site_7-34.csv.npy,9711.561582,site_7-34.csv.npy," [[4351.842466634447, -1845.58793622559, 815.0949492839098, -4492.686015065849], [16.678390861039553, 9711.561581869631, -496.6538908746912, -4160.951232592898], [-746.3180190230061, -1195.2576949110264, 133.90853161477244, 1379.5679183455557], [-3258.776116251265, -4634.842481759312, -802.2599774212208, 5413.44970753045]]]",7,34,-27,27,1,1
site_14-20.csv.npy,10480.65816,site_14-20.csv.npy," [[1429.431056893367, -4287.816919726497, 3488.1751500865375, -4328.114091801545], [-6044.098920436543, -8645.497581983489, -3525.998070178522, 10480.658155272658], [321.5281863556616, 4229.167969687708, -246.2760536820746, -1066.0375947079604], [1787.3592768415285, 3074.5684472141184, -871.234406992656, -1543.8067630417106]]]",14,20,-6,6,1,3
site_5-11.csv.npy,16801.26985,site_5-11.csv.npy," [[-697.9852367232467, -5122.006684671954, 3453.26627222873, -1951.9165627483458], [-2931.9966262222433, -4413.063979566943, 1494.1925791932329, 3533.547967300121], [1905.616383180682, -658.2264962083351, -3704.7016704386037, 1938.8897252910733], [1125.4329179679994, 16801.26985157508, -1788.2604897200836, -3207.766450519884]]]",5,11,-6,6,3,1
site_30-33.csv.npy,8220.999748,site_30-33.csv.npy," [[-1463.9574570991454, 2220.37764738368, 1632.0704001014371, -1003.6483154275053], [-2192.617606312069, 0.0, -4779.923251755086, 8220.999747945689], [295.5713236427619, -2789.1487338146676, 2626.0783740481875, -1005.5324345697056], [2625.9228948771647, 5620.993492552753, -4275.764291155212, -879.3933042272191]]]",30,33,-3,3,1,3
site_23-30.csv.npy,7746.528939,site_23-30.csv.npy," [[1003.7915685195645, -3271.5537759261033, 3289.8540889345354, -4569.326837280309], [-4387.190555447254, -1134.5061777330363, -6148.546011975404, 7746.528939382629], [1466.6919773892464, -1693.7807010461831, 2074.826972723125, -5418.7420271755855], [759.8171638745567, 3474.045397497104, 183.20028537949685, -3109.197116442583]]]",23,30,-7,7,1,3
site_15-19.csv.npy,19947.30263,site_15-19.csv.npy," [[-706.1493714218888, -988.4016692380835, -3299.6639264508103, 3283.516366988347], [-6546.180925750459, 788.8836783358928, 19947.302625679033, -6815.29845086615], [5285.294212775058, -3291.740569246369, -4530.1438580315435, 516.4455185579646], [-1133.2926754115956, -3403.084306343254, 476.8914789815701, 2757.8915456276186]]]",15,19,-4,4,1,2
site_4-28.csv.npy,12560.14357,site_4-28.csv.npy," [[-1298.0766627692879, 12560.143568261668, -2104.70666875403, -2539.722639779441], [-2039.6251107444732, -2096.5784891051785, -3724.7570329226714, 5071.650287073562], [1863.2709159841909, -6420.960483585173, 3476.4127514563465, -3356.9328576591083], [-356.6847829238244, -7374.242495399784, 753.318422742564, 2981.2969572251814]]]",4,28,-24,24,0,1
site_4-38.csv.npy,16392.20254,site_4-38.csv.npy," [[-2562.28038736344, 16392.202536268916, -3933.3350135307314, 489.7034239115372], [0.0, 4591.032094576573, -1096.8300807721137, -2503.5387345353697], [3669.5561126023404, -12314.451910684618, 3167.8558414866593, 1297.958639755204], [-1228.1618915645063, -8985.029354047681, 1039.4143383283294, 1254.6157142396673]]]",4,38,-34,34,0,1
site_19-29.csv.npy,8548.388317,site_19-29.csv.npy," [[-2467.4366898698577, 3902.2015770529474, 267.57601616852946, -196.77179044891002], [-4502.478074615167, -100.23454601896715, 4803.41368444864, -80.36945828576495], [8548.388317288413, -4907.851331386155, -3191.275581807992, -681.7958217915035], [-1320.9879677322087, -510.23735785866626, 75.7377442540545, 1343.8204411901904]]]",19,29,-10,10,2,0
site_19-39.csv.npy,7692.367972,site_19-39.csv.npy," [[-534.797175823917, -1339.9329735363146, 2049.0196218615856, -4638.454148971224], [-4109.7313900753, -271.76883858753246, 1141.6863912198553, 1529.3936818646723], [-3764.8659976262816, 4571.446866646689, -2960.595246591253, 0.0], [7692.3679723421255, -2183.8153098468647, -478.49535901099705, 0.0]]]",19,39,-20,20,3,0
site_8-18.csv.npy,21122.88727,site_8-18.csv.npy," [[-2564.699623816758, -5357.308578129296, 2269.83216239832, 2971.9691072842147], [21122.887268283182, -7804.870738353616, -1982.1872867850798, -1107.1957618678675], [-2296.8739231480004, 3094.254685163698, 1152.5038759568042, -674.2273322131357], [-2834.672289767463, 7800.2239190740775, 49.522711622834514, -3194.1238916978746]]]",8,18,-10,10,1,0
site_9-31.csv.npy,6150.366872,site_9-31.csv.npy," [[124.85607562699961, -3159.023054590036, -2110.358122048939, 4655.420955466597], [0.0, 3137.270469187708, -6150.36687249802, 3627.227665007934], [1635.150464395454, -596.8408060616024, 203.37847251904807, -1465.9097002474405], [612.3164451415552, -4258.969160690394, 4359.665742183599, -2935.8972469904234]]]",9,31,-22,22,1,2
site_9-21.csv.npy,8845.781913,site_9-21.csv.npy," [[-2386.4609747453496, 2120.9471146107735, -2556.121732921164, 5249.2319472661575], [8845.781912666203, -4152.110454330481, -553.566203999502, -4718.621247057188], [243.51361269417075, -3555.668445122472, 2178.858563225809, -1153.8156108670366], [-344.1679121648226, 1751.6307062726548, 1438.0314322725742, -3951.8108125115987]]]",9,21,-12,12,1,0
site_28-34.csv.npy,13038.7751,site_28-34.csv.npy," [[3184.5335343867114, -1777.0099997350821, 603.9940824000696, -4263.81706448828], [0.0, -7323.601592401619, -9342.607978403124, 13038.775100594023], [1165.2144927941288, 487.60410276856015, 1769.5909228935411, -3823.878369805677], [-2137.0422839257653, 3255.4960979119296, 1503.8571855722535, -1745.1395597817116]]]",28,34,-6,6,1,3
site_10-18.csv.npy,4633.744753,site_10-18.csv.npy," [[3153.680878293822, -569.2554444618954, 895.9393385305315, -4633.74475259102], [-861.8376536838844, 2194.886347031153, -48.991852867624495, -2189.250275048444], [-2529.477845428286, -1317.9497155142192, -104.64841425951467, 2138.6173320435532], [-1717.7253882443613, -1670.1223860168618, -1791.8572708315166, 3582.926569284595]]]",10,18,-8,8,0,3
site_1-39.csv.npy,7328.449385,site_1-39.csv.npy," [[-1636.4193681097568, -1266.324599992495, 1595.7954740490277, 0.0], [7328.449385209575, -5308.152101417283, 1246.1675259004662, 0.0], [-952.1360983767927, -41.042427209558106, 1036.0906888942175, -6142.117404186657], [0.0, 7236.699182219327, -6153.610703361354, -5235.858633241771]]]",1,39,-38,38,1,0
site_1-29.csv.npy,43568.86612,site_1-29.csv.npy," [[-5366.777906602323, 3927.348897228989, 1719.6328978464194, 1372.9647164875203], [3517.2652045151613, -6440.101691940055, 1579.6945026649194, 173.1929429009207], [-3449.798636455555, 39.40430306726409, 1197.293747830538, 1826.8889040489098], [43568.866118788246, -4418.600888857928, -5237.286332233601, -8714.733219541724]]]",1,29,-28,28,3,0
site_2-35.csv.npy,13783.72821,site_2-35.csv.npy," [[-5377.936911247204, 3047.6258642329108, 2389.0465070600576, 98.55832149883913], [13783.728210137207, 0.0, -7006.222477393536, -6565.502763802192], [-1435.739491881887, -2229.230054487124, 1836.3390557785328, -74.00408640280143], [-7084.422343418527, 679.0510282964865, 810.3018290903342, 4602.495407221345]]]",2,35,-33,33,1,0
site_11-21.csv.npy,5863.181056,site_11-21.csv.npy," [[168.32303923914586, -3478.6294451531344, 1187.7811461967692, 1458.8643931839829], [264.8177303054819, 5437.061134053677, 489.6303950816594, -5863.181056315671], [1351.4379014466936, -1039.7985879566788, -2121.5769357877234, 1478.954459030796], [-1800.9403222423618, 2811.527880162998, 714.0726828579885, -1117.3767550049147]]]",11,21,-10,10,1,3
site_2-25.csv.npy,9881.232686,site_2-25.csv.npy," [[-2409.230594394457, 6603.828678234518, -380.62454774037514, 1381.1287771376658], [7918.5306555487505, -9881.232685517634, -2412.1003695818636, -2897.2702782052625], [-704.1625817688154, 6364.604940291463, 680.0340941499021, -1376.3749037722669], [-1930.1669786921896, -6335.910048421442, 3678.9664934761727, 2635.8767583842678]]]",2,25,-23,23,1,1
site_11-31.csv.npy,7509.462702,site_11-31.csv.npy," [[731.0054170196212, -5745.533382751772, 737.0865695888375, 567.0462749863602], [423.7159140655776, -5133.9529471648475, 7509.462702066529, -3819.3574727715886], [-781.4069982883647, 1306.2818956384656, -3985.598388193358, 4862.616962722466], [-518.3241839798965, 4728.637588421044, 1987.538364870134, -3994.9331482110906]]]",11,31,-20,20,1,2
site_26-31.csv.npy,7547.021076,site_26-31.csv.npy," [[2123.708763148467, 812.2255501171915, -1671.6050386996624, -1993.7806980369264], [-1287.3937213850636, 6431.958001331292, 4079.7125030080542, -7547.021076240252], [1731.1957353813111, -1955.5870954831548, 77.50909547213787, -1165.595367418633], [-2377.6590221053684, -7361.256845843421, 55.230212676727895, 5011.522763185202]]]",26,31,-5,5,1,3
site_13-14.csv.npy,4063.343443,site_13-14.csv.npy," [[198.13771239686298, -3777.9587364597132, 2049.3327323004337, -1512.4316022809671], [-3110.4578955192455, 0.0, -1650.5375148482171, 2736.080757523509], [112.5610404554744, -4063.3434426927442, 1523.6336945973012, 632.8219067568134], [825.8108794161205, 1094.2993646294706, -2990.4527134831974, 1641.7363017208781]]]",13,14,-1,1,2,1
site_0-10.csv.npy,0,site_0-10.csv.npy," [[0.0, 0.0, 0.0, 0.0], [0.0, 0.0, 0.0, 0.0], [0.0, 0.0, 0.0, 0.0], [0.0, 0.0, 0.0, 0.0]]]",0,10,-10,10,0,0
site_2-13.csv.npy,11602.24796,site_2-13.csv.npy," [[1284.2854727159183, 2584.171882836074, 1251.2435982975521, -3307.9672890052184], [-2733.9977201677716, -8261.867917046904, -2394.3342380456024, 8328.354674453167], [1278.065952039029, -3701.0227787470403, -126.23165409304576, -298.4874436826387], [-2183.2610917138472, 11602.247958225023, 2184.4023166656893, -2958.489318014443]]]",2,13,-11,11,3,1
site_24-32.csv.npy,11192.54651,site_24-32.csv.npy," [[1310.149511199251, -9843.81033489007, 2749.369885548274, -1446.612209964232], [1187.2267593072006, 11192.546505209653, -5221.3703549549155, -7380.2760054850905], [1001.5138189525771, -7441.821991539582, 1481.1206891325091, 515.2426022970319], [-2909.415847333425, 261.826263072992, -1421.4002637837973, 2598.6410190141246]]]",24,32,-8,8,1,1
site_11-17.csv.npy,5443.207503,site_11-17.csv.npy," [[-637.4220630442023, -4081.8758940797293, -1169.0133162739087, 3347.1186116722474], [-2156.9284581373504, 5443.207503066479, -1344.8817580314628, -2666.587005448664], [1971.5017057686316, 0.0, 3015.7105663602624, -4622.708647705024], [-1256.2495023882632, -3091.842021406612, -28.941779189182032, 2125.7897074191574]]]",11,17,-6,6,1,1
site_0-26.csv.npy,452.1945764,site_0-26.csv.npy," [[-392.9450774134013, -193.88989162440797, 452.19457636856947, -90.48194942182104], [0.0, 0.0, 0.0, 0.0], [0.0, 0.0, 0.0, 0.0], [349.1024576516431, 0.0, -349.10245765035177, 0.0]]]",0,26,-26,26,0,2
site_13-32.csv.npy,11721.74695,site_13-32.csv.npy," [[-418.5535285598292, -11721.746947673382, 3327.8494284566086, 2514.3664173589805], [-4799.448231904681, 6657.296599613375, 0.0, -3975.6874810860777], [-680.4824794653046, -7831.591128765835, 2401.3196000592557, -341.1215823029229], [2256.9407888025557, 8451.759785772878, -3566.9505782502406, -3234.381417315616]]]",13,32,-19,19,0,1
site_0-36.csv.npy,17557.21309,site_0-36.csv.npy," [[-16493.139572322678, 5761.200532382303, -17557.21309311724, 4898.320340430721], [0.0, 0.0, 0.0, 0.0], [0.0, 0.0, 0.0, 0.0], [0.0, 260.02584354190566, 0.0, -260.02584354064805]]]",0,36,-36,36,0,2
site_13-22.csv.npy,14649.20478,site_13-22.csv.npy," [[2035.6907607099959, -7874.067168500844, 4215.429270761543, -1674.0066265412474], [0.0, -3099.435603913644, -3864.5272545321, 6177.009292846807], [1771.7099166730495, -4934.166553888245, 1151.7556366587335, -863.0962019200595], [-690.2123452038666, 14649.20477746877, -4376.271053559792, -1518.3539855879717]]]",13,22,-9,9,3,1
site_3-4.csv.npy,15456.80315,site_3-4.csv.npy," [[9631.178666591295, -1826.9231203333472, -2828.428875128528, -3405.3745544444514], [2115.3780662752274, 15456.803151961003, -8743.13327172467, -1670.787811722838], [-5954.316070550976, 1835.6992641405627, 7118.291064020779, 4193.188581781472], [2780.667104584469, -3647.09855004846, -2426.243893934015, 9934.245551623126]]]",3,4,-1,1,1,1
site_18-36.csv.npy,7834.664694,site_18-36.csv.npy," [[-1780.7805145440389, -3657.4954431373626, -2927.375594510419, 6706.565293081783], [1876.3620223438325, -4463.262151913581, 7834.664694181368, -3449.4169196146236], [1293.2932754160172, -770.2594096429401, 921.7909596447003, -2299.9879141854917], [-490.9709668638415, 2912.639799100041, 38.239488004907486, -1392.3958904870253]]]",18,36,-18,18,1,2
site_18-26.csv.npy,9320.660566,site_18-26.csv.npy," [[-3499.2063878873487, -7299.182143488771, -729.0618614290405, 9320.66056578696], [-3117.7593289767588, 4718.449792582377, -2778.319757499795, -1069.6238110643108], [1546.7906770364914, 0.0, 2637.028798988729, -3539.600751470532], [4329.642316244689, -2810.960029094371, 284.3979801675149, -3069.1194437726435]]]",18,26,-8,8,0,3
site_9-17.csv.npy,16652.554,site_9-17.csv.npy," [[3858.1022704554034, 1949.2533974441021, -3864.0837175175416, -2220.9690211676652], [-207.21279716171153, 0.0, 16652.554001500437, -9567.130408418638], [-2093.1191259754955, -1261.3844438345152, 1860.5660959083375, 1116.657043518521], [-2858.729570241791, -684.8635410011098, -2087.3542188161214, 4816.49710029347]]]",9,17,-8,8,1,2
site_21-33.csv.npy,5286.718731,site_21-33.csv.npy," [[-1432.9957927419641, 4848.435118171939, 181.03206750070143, -1316.2439908725994], [-2580.4273953296783, -1141.6264471965885, -151.68509274526951, 4893.562654941867], [-365.1500494392968, -5286.718730628535, 2493.2957512382013, -1007.1729226457579], [3708.1709761638313, 0.0, -2241.5942403991453, -2293.868781306197]]]",21,33,-12,12,2,1
site_14-16.csv.npy,12640.08837,site_14-16.csv.npy," [[-2071.882105669815, 0.0, -776.0937750880927, 3809.8066687228384], [-3180.2322855869897, 12446.985812787645, -3150.1609449565444, -3245.8600421257142], [2296.4219411323297, -12640.088372378392, 2816.4128796138007, -67.6459713161113], [2130.310154987893, 1900.1366058778224, -306.86868131673407, -3308.702802076116]]]",14,16,-2,2,2,1
site_21-23.csv.npy,7262.946136,site_21-23.csv.npy," [[123.90720233016498, 1749.095165874681, -224.31315404403176, -985.8578813758717], [-1428.3121555392042, -7262.9461360245095, -1535.0465087062685, 5868.858593304372], [2419.822487540866, -3508.715334926016, 2665.485140613049, -1655.8997370399695], [-2759.5238300563674, 4821.947806919162, -1958.173154271343, -1981.0923023450057]]]",21,23,-2,2,1,1
site_7-12.csv.npy,7570.151234,site_7-12.csv.npy," [[1267.843258724512, -7570.151234391103, -459.90594459488284, 402.5746938836643], [850.2827993288977, -401.70746594048666, 5132.861722093115, -4679.493482795399], [-108.9962847720742, 3849.8598907733235, 569.1648658719888, -3654.3105356512165], [-2886.1207846926804, -548.663579786786, -2190.442156826387, 6411.726396585136]]]",7,12,-5,5,0,1
site_5-37.csv.npy,6370.47953,site_5-37.csv.npy," [[484.2170816644076, -5003.705789009051, -1695.1721011361567, 3818.014518391089], [-1897.450476928294, 6370.479530251454, -3042.4807235232524, -508.07264162473246], [2138.9789734590795, -2007.5203377096773, 3226.1506718712403, -4168.852806666959], [-2003.8427496233833, -375.19838154881876, 729.2579230112973, 987.9452677607685]]]",5,37,-32,32,1,1
site_16-23.csv.npy,13414.43511,site_16-23.csv.npy," [[682.5573734987837, -2976.076057709959, 670.1702612744938, 158.75122631592694], [0.0, 13414.435110223261, -9706.299051836546, -7950.262476728281], [2104.5472811185523, -5165.117514544046, 1903.2606809731294, 46.07621861195654], [1660.7443272415496, -1420.6176414952834, 1064.5396342574647, -530.7527646913744]]]",16,23,-7,7,1,1
site_5-27.csv.npy,9904.966329,site_5-27.csv.npy," [[-1900.4248175655907, -7054.0942968300915, -1346.4882379284215, 5971.358459337752], [1992.303446658527, 0.0, -1488.276042812962, -683.3446226031249], [1716.676024217878, 80.132071094213, 1452.96104955876, -2777.137457167018], [-2006.6766175307482, 9904.966328994264, 304.61241633980165, -3702.811225930267]]]",5,27,-22,22,3,1
site_16-33.csv.npy,7521.726508,site_16-33.csv.npy," [[538.4436862629814, -2524.921406406881, 2269.5122178488837, -2499.0776584060404], [618.9648444592267, 7521.726508010063, 0.0, -5027.381810211078], [-1335.4604598163696, -609.0209110110012, 2025.1706273231114, -285.5302591073911], [-2530.1452349006427, -2519.198976013726, 2436.3733899665276, 3009.050204524275]]]",16,33,-17,17,1,1
site_3-15.csv.npy,10203.65989,site_3-15.csv.npy," [[-102.1661860989365, 7353.63675065526, -3624.8342336484907, -545.9605880571423], [-1738.54103870167, 224.05523915688187, 0.0, 1369.866633395167], [2226.3106831782684, -10203.659888403257, 3226.639203311536, 497.6856584041969], [-3157.411439324309, 5201.802072599104, 845.3829050187674, 323.4515656814368]]]",3,15,-12,12,2,1
site_36-37.csv.npy,5104.41324,site_36-37.csv.npy," [[1862.579445534506, -2843.7422128438816, 737.3254277273065, -483.7163339459257], [0.0, 0.0, 253.88199819932981, -253.88199819936162], [-697.1360307688344, -3403.3074435014687, 3689.71899721099, -3299.839557790093], [-1162.8389595492943, 3790.7104187476284, -5104.413239947355, 3485.3827040000565]]]",36,37,-1,1,3,2
site_25-34.csv.npy,19890.55924,site_25-34.csv.npy," [[-2255.7889150830374, -811.764576451924, 26.110367852586634, 2653.3521200652767], [19890.55924477126, 0.0, 1264.2515376958077, -12155.049990237861], [-674.0384026733565, 2661.5903042194095, 1338.8058873858527, -3202.663510119975], [-919.8381212944659, -1244.9878936153266, -1646.573616211536, 2749.922535394332]]]",25,34,-9,9,1,0
site_10-11.csv.npy,6531.966425,site_10-11.csv.npy," [[1493.2617327022815, -1102.5307548511878, 1780.8309789201705, -2759.2849432911444], [-2074.7578816765836, -3356.435357589545, 6531.966425019146, -3817.2612188849444], [-39.95144378615437, -3223.9636101458254, -3924.2303083060815, 5479.899202634877], [-1257.1992490818002, 5110.831230903796, -1770.0963417828837, 1665.1482599345102]]]",10,11,-1,1,1,2
site_1-20.csv.npy,8144.232613,site_1-20.csv.npy," [[5354.125915281821, 1748.9331044893156, -1115.2883207465595, -5445.667875007516], [-817.7610090744164, -1538.2688409586256, -2252.526219377629, 2272.0972068384067], [-1981.3973045859593, 2829.198361146225, -200.4256062323054, 1884.7112682174927], [-8144.232613206625, 0.0, 1021.4932752380436, 2105.1171322436867]]]",1,20,-19,19,3,0
site_12-34.csv.npy,4979.8004,site_12-34.csv.npy," [[-587.9511774561742, -2356.97290949771, 4839.580282367602, -4585.203980487983], [0.0, -1773.5921101518677, 0.0, 1773.5921101518122], [-101.65574979015597, -64.24891206117847, 252.21960313167568, -144.8931256554901], [3906.0981353925313, -985.4430855097058, -4979.800400411951, 2171.741270891184]]]",12,34,-22,22,3,2
site_4-6.csv.npy,5893.745121,site_4-6.csv.npy," [[-4444.285286954979, 1913.2666196304835, 3952.68744574599, 2837.6864953207637], [1079.564039491085, 0.0, 3589.9416294858374, -5893.7451205270445], [4088.561833369537, -686.7384389881663, -3264.936735270885, -2397.577913698772], [-485.51130583974907, 477.78944803275584, -1722.7219455955315, 3929.634528143164]]]",4,6,-2,2,1,3
site_1-30.csv.npy,8461.110982,site_1-30.csv.npy," [[-1678.0286055750148, 4429.419297975291, 837.0871364144164, -757.6781431845368], [-107.21548355050714, 3314.9848397803694, 251.06020301546613, -5963.708623120548], [3239.437568128034, -3203.3900613028686, 439.0516171706868, -2095.533546012687], [-5645.332661509683, -8216.139063351502, -5840.748266631582, 8461.110981714603]]]",1,30,-29,29,3,3
site_12-24.csv.npy,22260.09941,site_12-24.csv.npy," [[497.48698332014084, -5406.504185186522, 3739.118696988469, -2583.198511436268], [-4963.384358266251, -37.59723870208282, 0.0, 4243.162961491223], [5021.103194961391, -9555.17766437142, 2350.2648755045743, -430.59746965608815], [-4449.92365880684, 22260.099408861923, -5134.168987090568, -1904.7804922014031]]]",12,24,-12,12,3,1
site_11-38.csv.npy,12675.54523,site_11-38.csv.npy," [[4069.312217427838, -12675.545231599368, 1663.415181354035, 1005.6396998517181], [1241.48389876795, -3192.1948100809527, 1636.946645413739, 1146.121715852865], [-2743.243218738009, 12327.840532805261, -455.56199971574944, -3617.3647965453756], [-2634.62953071019, 1648.239471356692, -2243.760768229736, 2958.394279707038]]]",11,38,-27,27,0,1
site_6-8.csv.npy,10482.14606,site_6-8.csv.npy," [[427.91054014669584, -910.6288081861975, 2482.409046939663, -2465.7283742136046], [-3804.843697708806, 0.0, -684.7821167128822, 6473.31560721088], [-935.3134558086899, 6919.184945362545, -2099.6193545170418, -4856.338367159332], [4505.8716702826905, -10482.14605615095, -2036.8805518990857, 6456.947025171682]]]",6,8,-2,2,3,1
site_11-28.csv.npy,8593.645797,site_11-28.csv.npy," [[3876.4920180667964, -6922.671337571058, 704.8758479235307, -2413.097148765827], [-2569.7850060838646, -7108.64099297337, -167.6045544935442, 8593.64579696901], [-729.4919480573806, 6178.039950978997, 968.2066070857744, -2814.0630785300523], [-2765.000046965391, 4386.775871953706, -1198.9580371677212, 1325.0268956114862]]]",11,28,-17,17,1,3
site_0-19.csv.npy,13803.12349,site_0-19.csv.npy," [[-9743.381284118743, 9185.106625474129, -13803.123485834125, -2526.6909742082125], [0.0, 0.0, 0.0, 0.0], [0.0, 0.0, 0.0, 0.0], [0.0, -4590.356459523728, 0.0, 4590.356459525012]]]",0,19,-19,19,0,2
site_26-28.csv.npy,7429.915637,site_26-28.csv.npy," [[568.9164371888204, 4270.659340333195, 959.0313498564371, -3854.3012571030786], [2376.0674043908366, -7429.91563748831, -105.9329378205541, 108.85920023183095], [2548.324102617047, -6044.366291914109, 1313.3990152874924, -168.569011539526], [-4227.507717477812, 6380.830003895736, -834.4102165766292, 1916.6449121998853]]]",26,28,-2,2,1,1
site_26-38.csv.npy,11232.76432,site_26-38.csv.npy," [[1327.3892145867633, 1420.8615106066488, -1216.620416270216, -485.34499996116165], [-4044.3186953145632, 546.2956385246086, 510.63698545153295, 1410.6786414668343], [665.9068904755259, -11232.764323446025, 2329.985253468713, 1257.114839323278], [-750.316776255816, 3855.2978264650433, -553.2318032761535, -1546.016319534927]]]",26,38,-12,12,2,1
site_14-29.csv.npy,23586.94383,site_14-29.csv.npy," [[-3638.572361616515, 2801.5786004732263, 1038.4278795538748, 508.49703598069067], [23586.943834142116, -13229.521109930933, -3990.27590200815, -4620.796759335957], [-2638.6401627884056, -8037.674536425434, 1686.3214529130616, 1662.8998390048434], [-3449.631964394128, 4612.924300018584, 2272.853459647707, -570.5819674648194]]]",14,29,-15,15,1,0
site_14-39.csv.npy,4271.251191,site_14-39.csv.npy," [[-494.77436376130373, 716.551094298696, -347.54112851648705, 0.0], [0.0, 2573.2348115526124, -2872.459132334665, -132.2071834634851], [-379.62044867043926, -3536.773884487566, 3473.9223550893435, -4271.251190834189], [1079.0288717318658, -149.700135856363, -368.5602590583163, 551.415737781688]]]",14,39,-25,25,2,3
site_23-39.csv.npy,7148.778286,site_23-39.csv.npy," [[647.8028782048325, -6080.48993587605, 4886.1611942141135, 0.0], [389.40104274666743, 7148.778286408709, -6415.481357440201, -4260.059761396807], [915.6745700594687, -3301.9436547609585, 2006.3417695725946, -3975.1161716249117], [-2435.2357058171688, -99.91163061073252, -16.592394565961246, 4076.1862407632275]]]",23,39,-16,16,1,1
site_5-18.csv.npy,7320.553447,site_5-18.csv.npy," [[7320.553446936378, -6742.023707114442, -1219.9113597631945, -2023.7203845069007], [-4629.351881943488, 2805.6092351340885, -2446.7576890071687, 2939.8334456366033], [-3135.3098798359924, -1036.427806481673, 2484.214730385595, 645.5996460952332], [-3176.7114239797797, 6407.9751287953195, 176.75178390293246, -1537.2368222122086]]]",5,18,-13,13,0,0
site_23-29.csv.npy,11276.62301,site_23-29.csv.npy," [[-2991.6444916077203, 0.0, 1533.8334706577007, 1527.6340205694082], [11276.623005170984, -7900.907481144575, 3107.4545017394444, -4216.204196980898], [-3046.873172430255, 0.0, 1943.1474124763513, 975.4905042487762], [-1104.2252422920055, -232.3862039344728, -352.6659159158695, 874.9877776176128]]]",23,29,-6,6,1,0
site_20-35.csv.npy,10282.70322,site_20-35.csv.npy," [[-1767.5896164707412, -2549.0565911070053, -79.31161152388385, 3673.272302898786], [-2744.781066596537, 10282.703224005967, -3827.1145321958134, -3085.3656380394063], [-4679.4278225949065, 2330.5007016639092, 4043.2938232008246, -1375.8820179401407], [6107.82346481565, -5429.105680344606, -1435.1214825813151, -1951.7407607653386]]]",20,35,-15,15,1,1
site_6-14.csv.npy,25213.19705,site_6-14.csv.npy," [[517.0995259768001, -6002.063510355378, 115.63812424539137, 1095.4043330426139], [713.7099465710642, -7998.087027327299, 1352.9567707185415, 3679.148814815984], [-516.0450007700648, 25213.197049267466, -2128.0006790178513, -6075.958545385463], [-2118.090390730759, -10760.265379916744, 5317.859751605842, 6571.773184328136]]]",6,14,-8,8,2,1
site_20-25.csv.npy,10622.75126,site_20-25.csv.npy," [[-1065.7747636855167, 0.0, 3815.649858377158, -2715.222204104256], [-3849.9777956819476, 10622.751263040886, -368.1547297932646, -3946.098183405425], [-2096.884484434572, -8176.3818526220375, -539.6587071156076, 8241.165098007705], [5053.4014757896475, -2574.9130439052688, -1912.3563527153303, -2834.9989085957595]]]",20,25,-5,5,1,1
site_33-36.csv.npy,5200.020297,site_33-36.csv.npy," [[-1369.3150583839063, -2747.0084309997064, -1943.483791256992, 3772.5897734908044], [-4444.723628460574, 0.0, 5200.020297169632, -662.5861902615507], [2045.3455225092885, -1740.407861875053, 423.58964856376207, -3568.8260271358677], [1646.7685490069528, 2730.2940041814322, -780.6189952180728, -2888.4839667709516]]]",33,36,-3,3,1,2
site_4-31.csv.npy,15676.56913,site_4-31.csv.npy," [[-4010.8459215458925, 15676.569126704895, -3475.4330725524273, 5027.649476113841], [1690.3296255593352, 13585.071035431078, 2239.9623711453874, -6666.421282612854], [4822.161707980287, -7198.110523620588, 998.1410966137843, -803.6275227921487], [824.4175622685228, 1075.4059298012883, 2021.8108459266307, -3057.073873729466]]]",4,31,-27,27,0,1
site_17-25.csv.npy,7291.084535,site_17-25.csv.npy," [[630.6201329354578, -3024.785854653418, -1010.5086533330668, 1176.213299036488], [-528.1870020729111, -3758.9895642451916, 7291.084534657902, -6351.037125564371], [368.9123498700624, 4966.914391291294, -1508.0808027408461, -1089.2795740638298], [-1324.428657622925, 0.0, -451.805896732873, 1480.6605698899455]]]",17,25,-8,8,1,2
site_4-21.csv.npy,5888.845764,site_4-21.csv.npy," [[-44.21710511944753, -1447.392940201445, -2636.311686420689, 4042.839708809704], [-3143.222570715154, 416.4248915650669, -1934.9251011652996, 3197.308508778201], [2629.1532581111073, -355.21316931926873, 1456.5603960662334, -5888.845764204847], [-1173.6030682194323, 1270.5547825740568, 2399.797902175774, -1768.5599552762928]]]",4,21,-17,17,2,3
site_17-35.csv.npy,9465.236244,site_17-35.csv.npy," [[1989.9581830341467, -2560.9527310531744, 1267.577090365963, -3183.2625959497464], [-7588.738149200245, -4149.002349957008, 0.0, 6938.1096952119715], [-3553.0414935643457, 9465.236244416226, -2354.053918710005, 1244.7735935114558], [1800.3881033417233, -3453.240148451643, 513.9596511990893, 730.6271375610279]]]",17,35,-18,18,2,1
site_19-30.csv.npy,9331.7757,site_19-30.csv.npy," [[-2239.775852744293, -5547.085406588687, 686.303548987988, 4758.624833955935], [2494.931134998598, 0.0, -204.29398117502765, -863.3865861108962], [-726.8046128244522, -4957.799252973504, -2793.823103510241, 8045.035149111664], [1965.4634226155677, 7493.220345713277, 1971.8483850840505, -9331.77570001814]]]",19,30,-11,11,3,3
site_19-20.csv.npy,9070.496212,site_19-20.csv.npy," [[2286.0584776243454, 6346.319496096785, -1421.9684885522488, -3482.3744221238053], [-3839.529431106317, 0.0, 9070.496211629585, -5265.145663192466], [-3431.0292180330707, -6084.168663082522, -2602.9460809102156, 6507.02513389216], [2130.059093140714, 186.21889193855296, -1808.1169892896576, -510.568417167844]]]",19,20,-1,1,1,2
site_8-11.csv.npy,4768.012103,site_8-11.csv.npy," [[3305.831972815192, -1662.1579292612244, -1498.9393265557562, -983.6118307016958], [-4768.012102969293, 3022.5101069282805, 1632.7752937240093, 1502.0354078866449], [1316.1908631924691, 0.0, -1680.592263862476, 650.4497299057089], [-830.5872591674837, -1435.6047429880264, 1472.2732701081106, -235.2902860359626]]]",8,11,-3,3,1,0
site_18-19.csv.npy,8459.620718,site_18-19.csv.npy," [[-1428.2140630581246, -4370.37671703792, 7971.815868636437, -3456.754933149556], [4943.274110353899, -4520.338587337643, -3810.9469747606995, 2275.4140864369547], [-326.662639383729, -1840.1984273422884, -529.2312422870799, 1899.497906761042], [892.4998646482748, 8459.620718182441, -5066.797986465554, -438.216489956668]]]",18,19,-1,1,3,1
site_9-28.csv.npy,18621.80909,site_9-28.csv.npy," [[-4035.000032548667, 14944.64872646205, -2633.017241681595, 929.3169120885286], [18621.809093475124, -2621.1995317479896, -1489.8381877487614, -5763.046514872661], [1061.0652733314753, -6189.366354869376, 862.8498760874577, 148.48472809055997], [-296.30047036368927, -8631.548322202489, 2970.1693202128595, 2679.244520255267]]]",9,28,-19,19,1,0
site_9-38.csv.npy,10786.90395,site_9-38.csv.npy," [[163.6734660447853, 4291.658395189418, -1586.3792276780596, -851.8686786507986], [0.0, 5156.2519693158465, 2664.0706804282495, -7176.901845308335], [-105.74657910398865, 0.0, -210.76229411667293, 397.6115972908153], [985.2702315065249, -10786.903949799174, 728.2865176872738, 3348.2292792237727]]]",9,38,-29,29,3,1
site_1-14.csv.npy,16802.44415,site_1-14.csv.npy," [[-344.49770483006637, -4319.51863224267, 1647.4979048668458, 119.40325064892039], [288.7224672150996, -4951.709941820265, 1070.7197351031352, 2792.862529692426], [-2301.832577507818, -3314.106067773177, 442.9886804489329, 2029.6551739295894], [16802.44414944767, 3723.2713202671143, 0.0, -9731.06512266799]]]",1,14,-13,13,3,0
site_34-36.csv.npy,7451.682819,site_34-36.csv.npy," [[114.49934456906892, 262.7460793466997, -1000.9330224935792, 996.5737207873356], [7451.6828194430245, -1018.5420489621924, -68.12653708629536, -5796.69642196259], [390.1429599656733, -3129.0981450126415, 3646.2490604412733, -2456.9995552463556], [-4921.438143833705, 4442.150314639603, -1970.248655439907, 7397.6542251002]]]",34,36,-2,2,1,0
site_27-35.csv.npy,9720.512618,site_27-35.csv.npy," [[-542.4482321000564, 9664.25456121033, -2467.623545868724, 1008.1708972571627], [-7027.837696495191, -2366.419078713, -1656.1037768147673, 7723.511236750006], [-2120.7663162434224, -1177.5633536110754, -254.0390859338769, 2500.705008826728], [9720.512618365781, -5262.477315534376, 3072.818383735997, -5103.8011277229725]]]",27,35,-8,8,3,0
site_3-21.csv.npy,11055.36116,site_3-21.csv.npy," [[-5708.266586371058, 5237.451204697967, -762.4783147186146, 5748.910750007321], [-5831.876241478397, -4634.153857211434, -3648.243802418191, 11055.361164588296], [3199.481494886999, -4130.826436905423, 2890.764389812448, -5161.911814291782], [6326.37469555628, -1039.2370292936573, -1644.5122300174066, -5485.9199064584]]]",3,21,-18,18,1,3
site_10-35.csv.npy,5998.752621,site_10-35.csv.npy," [[5998.752621467453, -3492.299898821528, -2267.2544591424853, -2176.377510475831], [0.0, 2726.345165531863, -2139.187644383113, -1337.3796314640178], [-3932.0913588486765, -3336.66432470546, 2861.9890087957233, 240.89717974032874], [-3387.0097982221205, 91.56683466154462, 215.53861332450847, 2441.315896724015]]]",10,35,-25,25,0,0
site_3-31.csv.npy,8128.167996,site_3-31.csv.npy," [[-2142.4211324908615, -8128.167995860176, 1615.7961385876135, 3567.144708158636], [-3513.6307011550343, 3913.7305333364384, -4246.2540058812665, 1137.074949185269], [2575.8880311117528, 0.0, -55.68077844784222, -2658.3878752058436], [1076.7109144714652, 3820.5295848869123, -1886.4834117302437, -2545.3202437234204]]]",3,31,-28,28,0,1
site_10-25.csv.npy,16741.33791,site_10-25.csv.npy," [[3573.5266060150166, 0.0, -2802.1960750543994, -1059.0312213615787], [-2705.1004214033633, 16741.33791295078, -442.98869331025793, -3908.3028710665762], [-1675.9815842237772, -6352.70627080737, -506.197379868019, 5314.474313114678], [-1146.294112446407, -3707.1073101545294, 3787.2575918640296, -1413.808873950843]]]",10,25,-15,15,1,1
site_13-39.csv.npy,7330.19082,site_13-39.csv.npy," [[-499.8800471875506, -2902.5795777806516, 2810.929444554476, -5112.056581338631], [0.0, 7330.190819578664, -5344.762435338048, -4414.544463519512], [-299.2462441832003, -3202.489086763509, 2891.1945221600445, 0.0], [4119.790087059449, 1172.4303298617222, -2815.0805347799273, 2500.886381178569]]]",13,39,-26,26,1,1
site_13-29.csv.npy,14369.65945,site_13-29.csv.npy," [[-4905.668670399216, 6132.087244115307, 2517.9951293782883, 983.6357245671131], [0.0, 6181.389824587127, -2431.215610902511, -4505.861017452459], [-3714.5632534261085, -5829.607094946969, 909.7269004632559, 3883.7943947407493], [14369.659453233966, -7990.102472018797, -1907.5820367811002, -2673.9180602088913]]]",13,29,-16,16,3,0
site_2-18.csv.npy,12326.00186,site_2-18.csv.npy," [[-2859.389915741661, 162.70017279130556, 707.9126046745816, 1797.9296125234512], [11348.677931756762, -5188.482272682995, -4245.312056186157, -1485.4761656711803], [-2496.7013264236434, -1336.4164739622106, 2178.5723392777068, 819.5054573185629], [0.0, 12326.001864020142, -685.9881582264067, -3199.3438875019683]]]",2,18,-16,16,3,1
site_24-29.csv.npy,19163.53839,site_24-29.csv.npy," [[-3524.751409176103, -4687.759542388045, 3376.711244401365, 610.724601248935], [19163.538392449023, -1855.9444533287121, -5599.313326052812, -6596.264599381339], [355.9161751066094, -4114.823620778514, 995.153118226526, 703.1081959168974], [-3606.079298774291, 3568.092700553372, 126.26219300986793, 647.901562363538]]]",24,29,-5,5,1,0
site_24-39.csv.npy,12808.5041,site_24-39.csv.npy," [[-1873.114473588866, -4358.809569089598, 3751.182426957599, 0.0], [0.0, 8177.467599612615, -5282.258307343614, -10532.382756701585], [12808.504102872093, -4014.964536959073, 1099.7444790016912, 0.0], [-3137.1217555544436, 1809.302031168895, -1095.003722041966, 1240.0299245224269]]]",24,39,-15,15,2,0
site_29-30.csv.npy,9846.29224,site_29-30.csv.npy," [[-287.4549084542292, 923.1122304559494, -202.39138457360843, -46.40287375512805], [-1073.982331024503, 9846.2922400405, -5400.467886507959, 3113.739619667018], [278.1481193527405, -3392.3303352081384, 1124.4137923395747, 1041.4295126450208], [1155.8287540123572, -11.972751704047525, 1978.1894705370594, -3826.1108869224395]]]",29,30,-1,1,1,1
site_8-25.csv.npy,7815.055646,site_8-25.csv.npy," [[-1425.7522216199827, -3967.3304745887863, 1984.2199791472851, 383.3690696756926], [7815.055645722878, 0.0, -1776.8991327083093, -4666.313335499282], [-1146.0447381259983, 621.2360260181944, 982.6274246471392, -87.4548706000073], [-1984.945569706731, 5630.609449285427, -1819.9257403151682, 1749.9518528673918]]]",8,25,-17,17,1,0
site_8-35.csv.npy,10405.01405,site_8-35.csv.npy," [[-4390.75199949047, 1995.3717132470856, 1701.6753154750143, 590.2775050190595], [9439.680070891081, -10405.014053477642, 780.6152122478609, -1755.2903566109328], [-1581.950019704335, -1204.8439874952942, 946.9231459667991, 1879.516776111362], [1446.4596596015792, 6603.795468419675, -1654.6677420119595, -2381.476485089927]]]",8,35,-27,27,1,1
site_16-28.csv.npy,11686.82744,site_16-28.csv.npy," [[127.7935930205325, 0.0, -1569.9613733483357, 1121.633704561233], [-2243.9487149323018, 11686.827437404127, -11654.47800516039, -1010.2286516162993], [1460.5637568605864, -8313.769762726019, 3624.5249064987215, -1002.5225614892045], [-451.18778902470757, -2335.1622824098745, 4956.948454732779, -88.65747507861118]]]",16,28,-12,12,1,1
site_16-38.csv.npy,20544.15459,site_16-38.csv.npy," [[779.6127477777273, -10530.75160840575, -1256.5677975969904, 3327.617216324874], [0.0, 20544.154587361827, -9240.375650810822, -14107.095573253888], [2345.720223986512, -10573.911614664737, 2752.90942042224, -574.0859407137525], [-253.50107891590068, -2765.9421168863064, 3378.1326832094956, -872.8514005725355]]]",16,38,-22,22,1,1
site_21-38.csv.npy,26921.90358,site_21-38.csv.npy," [[2243.4313946169664, -4053.0124362489278, 262.2373926125167, -1244.4962972244211], [-2257.087483617323, -6243.788105165255, 875.4903181685928, 4801.192151340603], [-745.8773214341343, -10691.368354991893, 3623.8527114004964, 1470.1910051207942], [553.7599826605896, 26921.90357688588, -3074.748739229927, -7535.910532820982]]]",21,38,-17,17,3,1
site_7-19.csv.npy,8189.261077,site_7-19.csv.npy," [[3466.2447712344906, -5348.760328495137, -4756.7649694940865, -334.5171220410666], [-1155.0562636040931, -965.766568319724, -2683.284854449167, 5842.253881155467], [2537.2727943224418, 613.0505407400941, -1435.4558801055523, -1292.2425351614568], [-7034.195544176871, -166.02628868513378, 8189.2610768365785, 288.7511379637452]]]",7,19,-12,12,3,2
site_21-28.csv.npy,9012.481205,site_21-28.csv.npy," [[3951.4349696826944, -6910.4361562384465, -100.7119672177284, -3887.932933876031], [-3957.8282109077395, -9012.481205236987, 1364.00096463789, 6294.337868486546], [-733.0785884684003, -6036.262537941093, 342.61598807118384, 1666.2740567881867], [-1568.9082632264544, 5411.143074908375, -206.39491179414242, -3399.41703207543]]]",21,28,-7,7,1,1
site_22-34.csv.npy,11736.3819,site_22-34.csv.npy," [[11.290927913132341, 553.0306628954356, 3127.7134131595235, -5682.123596293462], [-4645.723489534294, -1181.6476934097875, -5153.875256246819, 11736.381895272025], [827.8663643033207, 936.7684888183272, 683.230626697111, -1829.9374731135515], [1624.2580892859064, -2626.5455103234412, -51.31646281143012, -282.0785092688712]]]",22,34,-12,12,1,3
site_2-5.csv.npy,6966.727831,site_2-5.csv.npy," [[-2234.520987121726, 5910.1403506626675, -1438.5327550938573, -1333.2651832602896], [5840.976449457597, -6748.12059584544, -4049.971552047285, 0.0], [-377.2103849531988, -2924.0144998774654, 1372.7126282269799, 1187.8746895949237], [-5358.650366694633, 241.98984803606064, 1452.2406719440266, 6966.727831414246]]]",2,5,-3,3,3,3
site_4-15.csv.npy,11729.45518,site_4-15.csv.npy," [[-3113.933688470776, 11729.45517738654, -3988.1321344165276, -725.4032022827648], [5465.019411401404, 11208.397342792592, -3801.668727317484, -5420.516761533078], [263.5354841956032, -6809.441754678506, 4398.818177017686, 500.5913228670491], [259.9400987818557, -7667.546016538712, 2958.3273387229247, 2409.5641453736666]]]",4,15,-11,11,0,1
site_22-24.csv.npy,19170.264,site_22-24.csv.npy," [[129.89086040995207, -5175.951903083128, 2318.993414161624, -1183.7708008863206], [-3589.277454347774, 19170.264003106113, -1333.1733895358889, -6424.195121172309], [3061.0582067814166, -6696.426537202423, 2152.9436368458196, -802.5073517631515], [309.522660343766, -1879.0386270902916, -3657.045843403397, 4121.128946910313]]]",22,24,-2,2,1,1
site_31-37.csv.npy,3887.863649,site_31-37.csv.npy," [[292.5203281836548, 0.0, 1980.8526877266584, -3887.863649292344], [-1224.6589557187403, -232.89206142010536, -1817.7625819680566, 1898.497144759768], [998.8549625821578, -3043.1835105432156, 1884.0965207603801, -2146.045324235199], [97.8788348303577, -3854.699423671433, -2729.7112190510866, 2860.961822031855]]]",31,37,-6,6,0,3
site_6-30.csv.npy,11278.34672,site_6-30.csv.npy," [[114.93876645731586, 9812.555134406744, 3122.2227177423065, -9412.316983241903], [1616.8669432401496, -2518.8485023842463, -625.2813169081288, 21.52408933620065], [-1941.1947718939373, -7074.2944426717295, -2541.5735128284578, 11278.34671767498], [2412.6290516430786, 0.0, -1122.276956414877, -1495.1116591218035]]]",6,30,-24,24,2,3
site_15-24.csv.npy,7222.159626,site_15-24.csv.npy," [[-106.87802393013347, -7084.808308081041, -371.6851709979668, 2101.492865509085], [-2129.8736640419847, 5350.909888313563, -7222.159625981295, 2382.371021027232], [1729.7830653696428, -7163.611783642499, 2489.370708188111, -2333.9422951803126], [23.560510963879636, -5194.568996155069, 3059.582326634419, 55.151382500740134]]]",15,24,-9,9,1,2
site_6-20.csv.npy,11036.70471,site_6-20.csv.npy," [[4638.4340657373405, -3449.2682899140327, -927.1543723264152, -3619.3163307341697], [120.3916077665035, 11036.704713538835, -1771.076299024266, -4431.9256613991465], [-3744.9153868042645, -6065.5773858651155, 1518.881949753456, 3981.3354762981176], [-4263.547179289958, 310.13612855717514, 1567.2771340501072, 1435.5324835273664]]]",6,20,-14,14,1,1
site_15-34.csv.npy,4119.248004,site_15-34.csv.npy," [[416.43255139812646, 2839.4185936368813, -330.05618538917065, -3255.026347395275], [-4085.0009272801117, -1390.054898258972, -48.437521328357185, 4119.24800368794], [140.81349565340338, -1531.4950721102982, 1457.3089184029945, -1384.8493457935342], [-243.31293301621818, -190.72600941470873, 2092.2459810120044, -1796.1428285148588]]]",15,34,-19,19,1,3
site_38-39.csv.npy,11175.33938,site_38-39.csv.npy," [[0.0, -2838.0658760469596, 2838.0658760469437, 0.0], [-10176.51392186226, 11175.339380683716, -8555.003661152397, -8070.338498395684], [3757.5560647908164, -6075.221412584239, 720.8880124914577, 5510.6431371655135], [0.0, -1056.2420338404913, 2019.2865411762534, -6419.428038827295]]]",38,39,-1,1,1,1
site_28-36.csv.npy,6619.947098,site_28-36.csv.npy," [[642.3734758654687, 0.0, 613.1466242669684, -1620.6238303086143], [-4966.792734283345, -2504.8741617500414, 0.0, 6619.947098218121], [82.88553529963856, 1904.77943823272, 1040.242644463205, -1512.1599105315936], [2423.2080402245642, -6035.54310997063, 1229.3550295423386, -1099.7509752654744]]]",28,36,-8,8,1,3
site_0-12.csv.npy,0,site_0-12.csv.npy," [[0.0, 0.0, 0.0, 0.0], [0.0, 0.0, 0.0, 0.0], [0.0, 0.0, 0.0, 0.0], [0.0, 0.0, 0.0, 0.0]]]",0,12,-12,12,0,0
site_26-33.csv.npy,9362.288785,site_26-33.csv.npy," [[-1467.6502381490488, -2723.143579291803, 1094.7278138135807, 1683.6021889407216], [-1622.4425655309985, 9362.288785389095, -2869.7132277906408, -3307.3653095689137], [-283.56710195906084, -3409.6253594046684, 1674.0650501876264, -200.01439367142598], [2120.868721945732, -4718.224152566241, -255.69017987268697, -814.6612161726595]]]",26,33,-7,7,1,1
site_13-16.csv.npy,14795.57478,site_13-16.csv.npy," [[2678.597816165501, -14795.574781037563, 1351.7929407367171, -597.2598096777581], [-851.827040005338, 8326.080415147693, 361.2229783111968, -6151.840869118708], [283.50391872865, 0.0, 621.0423158935475, -1364.293945739126], [-1237.0532030729405, 1819.8085258403382, -2288.6046302261807, 4062.612758927136]]]",13,16,-3,3,0,1
site_2-27.csv.npy,15400.53538,site_2-27.csv.npy," [[93.09823015907067, 0.0, 551.0967773691073, -620.9803104284763], [2553.319940656921, -7887.188060320613, -5331.373998229533, 2943.7056565587723], [-1809.9591629402037, -2491.086125515918, 3214.9026781909347, -372.0937818006528], [-449.9058441877872, 15400.535382039563, -1144.6683214687953, -3543.1385329112613]]]",2,27,-25,25,3,1
site_11-33.csv.npy,9976.691092,site_11-33.csv.npy," [[-572.4410752438465, -5495.223857402431, 4921.854442050834, -595.2669285857239], [-4304.512321080855, -5224.36214280248, -1685.3495861268216, 7912.76596246099], [3937.362720695583, 4652.455309364024, -3566.3937696926464, -2680.348553316693], [-1366.4750331389541, 9976.691092352286, -480.3543268187966, -182.33598152711124]]]",11,33,-22,22,3,1
site_2-37.csv.npy,13634.00041,site_2-37.csv.npy," [[977.9555820693076, 6590.08465728501, 114.36532996613012, -3905.3884781575725], [-5161.9427335768605, -6808.248274505305, -2430.322048816613, 13634.000414413247], [2484.7415188474815, -1621.0016970117772, 822.3025375822865, -2008.8908481174692], [1262.90773165876, -5476.3762143305785, 80.16973010557787, 1201.7913539428766]]]",2,37,-35,35,1,3
site_11-23.csv.npy,12070.48899,site_11-23.csv.npy," [[1289.373539764172, -5554.916411505604, 2576.280368399325, -218.2722630577485], [3120.108725478945, -9032.425348873896, 1359.6065155697752, 9739.699167614082], [-937.313849238604, 12070.488988060855, -626.2522722507241, -6301.093654181739], [-699.554620922386, -3031.628327792882, -1272.4484597446085, 3558.736313593834]]]",11,23,-12,12,2,1
site_5-7.csv.npy,14544.91573,site_5-7.csv.npy," [[-2171.4061639037886, -4574.761427631104, -2320.0187283464033, 14544.915727972277], [4092.7666891380527, -3514.3829419257877, -2550.7439870268363, -277.6729436094946], [2581.743260194505, 2245.5521791008287, 4770.479167761354, -8429.954601762996], [-3309.1626075690815, 6120.629590561685, -664.9210462298669, 597.9783561487251]]]",5,7,-2,2,0,3
site_23-32.csv.npy,8574.042819,site_23-32.csv.npy," [[-334.1535073390005, -6373.771735211635, 2564.2462363121695, -952.2374993243131], [2662.188801429609, 5514.248095983785, -3219.4171313492793, -3670.4009661225377], [1014.5456688683446, -8574.042819495318, 2665.3623232144373, -474.0886354137597], [-1394.623668939009, -2370.9475349935665, -876.4627105093431, 2511.076913785133]]]",23,32,-9,9,2,1
site_16-17.csv.npy,12643.96936,site_16-17.csv.npy," [[-3483.3030178115555, -4314.736024089418, 180.8905455952263, 4120.657631294557], [2111.321949228505, -2396.3420217834037, 12643.969362580907, -8247.302388368058], [-477.63009681054547, -439.2038177283878, 109.47508588673844, 739.2124195528268], [4575.649957528044, -2478.367848825135, -1679.6003648099395, -1422.0828393098514]]]",16,17,-1,1,1,2
site_7-9.csv.npy,10302.63955,site_7-9.csv.npy," [[-2607.8265538151404, 7057.833570233438, 436.7526316445711, 1.1574187798074769], [6113.501940317482, -10302.639554584704, 660.1770213019223, -154.61796256984286], [-1804.8916465236439, -5559.298059822324, 132.95415019171162, 3348.021732542919], [1354.9868119157895, 7072.307551369965, -2818.1081483009516, -2432.0291710702604]]]",7,9,-2,2,1,1
site_5-13.csv.npy,12797.40053,site_5-13.csv.npy," [[-4727.474622438509, 0.0, -1380.1805917199774, 7840.928474076902], [-2308.928512431347, 6025.448574057746, -897.5643037579777, -19.91815040631933], [4983.806142514618, -8162.880551205726, 2048.0961251066096, -3664.3623306625555], [1977.6468659615125, 12797.400526788895, 905.310136121833, -4914.964381796756]]]",5,13,-8,8,3,1
site_30-31.csv.npy,6200.498099,site_30-31.csv.npy," [[1594.0584198976846, -4123.447503189222, 3330.1363118086497, -3455.723988919094], [0.0, 0.0, 2562.4133750967535, -2562.4133750967776], [3198.614232792349, -5450.30411744218, -161.39555728677317, -2665.5341799459547], [-1066.4175764777137, 2400.5371926969774, -6200.498098810848, 4867.690688560416]]]",30,31,-1,1,3,2
site_7-36.csv.npy,7059.416926,site_7-36.csv.npy," [[-354.7276331001065, 0.0, 159.56552326555405, 217.58435184414856], [7059.41692552472, -3567.2936666672927, -3116.1239893113393, -4605.3882135806825], [270.01743174505725, -4147.225178635269, 4203.267453673893, -3209.582007081841], [-4574.52733900523, 3554.7461987630836, -3681.480017835837, 5006.536975233721]]]",7,36,-29,29,1,0
site_14-22.csv.npy,10935.12883,site_14-22.csv.npy," [[-939.9066451882376, -2844.4083027908573, 52.060492470797456, 2937.372384489073], [0.0, 10935.128829057965, -898.4096699024356, -8589.490074549816], [1820.3018187515313, -2981.9766164734433, 1127.8916901455295, -1614.3356140742965], [3826.057396883626, -3918.51425328548, -291.0219103821176, 374.53888014151534]]]",14,22,-8,8,1,1
site_7-26.csv.npy,8863.9273,site_7-26.csv.npy," [[484.5090976720368, 4718.052310830531, 470.87545408248525, -3945.8816184635325], [-1082.815557821066, -4965.959551454073, 785.6169163897636, 5784.470374172292], [-1944.7731853313403, 3119.1392210799636, 1163.5985948172308, -1181.117548543449], [8863.927299761159, -1082.7110920126868, -3369.322851579848, -120.59158581885565]]]",7,26,-19,19,3,0
site_14-32.csv.npy,12077.05365,site_14-32.csv.npy," [[4336.203633856635, -8617.633380748535, 203.27505470938772, -3283.3859276963713], [-2625.734679102907, 12077.053654252582, -777.399261904479, -8227.895923287659], [-1467.6577205892079, 0.0, 1930.0947342249706, -853.0864559557366], [-1521.1812742188126, -8398.240682171592, -228.28053491802814, 6155.681940396381]]]",14,32,-18,18,1,1
site_9-23.csv.npy,13303.20387,site_9-23.csv.npy," [[-2603.5754693623867, 13303.203872453449, -3208.9539424947366, -354.4133893988771], [0.0, 5947.272372109797, -550.1145141429477, -7253.157388586297], [1650.9969377465727, -6354.770997981696, 1417.7402425342186, 2219.7381951914545], [1429.1190728036051, -4935.888311419739, 2463.964524375547, 995.149191911992]]]",9,23,-14,14,0,1
site_9-33.csv.npy,8273.653284,site_9-33.csv.npy," [[6440.800632675588, -8273.653283515692, -3128.7421866097316, 670.7950946946], [0.0, -1183.1571389233902, 0.0, 1183.1571389233789], [-1276.850494994905, 0.0, 3527.746572130401, -2098.1583585293342], [-3418.538807844713, 5549.121569492449, 1674.4558341771806, 1018.986680271036]]]",9,33,-24,24,0,1
site_9-15.csv.npy,9241.433129,site_9-15.csv.npy," [[955.180211062579, -820.2557798692915, 3239.299234732495, -3893.712216057729], [0.0, 8002.410088744225, -7861.797881564389, -1593.8758692127385], [-132.43548415078587, 2211.522560240506, -1365.1015037692684, 823.1768902902417], [558.3928048343565, -9241.433129407684, 302.38216065845296, 3488.541246910882]]]",9,15,-6,6,3,1
site_18-24.csv.npy,20643.755,site_18-24.csv.npy," [[-1569.086668202947, 20643.755002531387, -2407.4131531231756, -4293.259246249842], [-2143.6727629882575, -10779.827628713369, -2192.6928519589264, 7666.664645926342], [1946.2665327317284, -7442.891417803745, 1387.6840771622153, -310.83186241668795], [2320.7556565575633, -707.3967860939753, 1759.5085506839969, -2468.3036199446337]]]",18,24,-6,6,0,1
site_18-34.csv.npy,9615.311157,site_18-34.csv.npy," [[-2586.439123246874, -3368.1499185042708, -1813.331111028545, 9615.31115688824], [1419.8005879649518, 1648.372138823361, 2336.707686487906, -3955.459337481219], [1921.653348094791, 486.5783621718991, 2451.8827011318717, -4256.880161603404], [-2050.968431466065, 481.82356764162506, 516.9728276991683, 335.46720640769854]]]",18,34,-16,16,0,3
site_5-25.csv.npy,15944.50948,site_5-25.csv.npy," [[5302.182077573561, -9844.78379953665, 265.0600429195022, -4306.903530828328], [-3928.82554808157, 15944.509481034971, -3290.6823631929656, 3101.5469456616415], [-1987.8508406027954, -3444.4869501985586, -1720.710256548293, 4143.352337948151], [-2528.483572701227, 4873.923448110865, 4379.627834081173, -3333.5458157917865]]]",5,25,-20,20,1,1
site_16-31.csv.npy,10389.33595,site_16-31.csv.npy," [[160.76364832393884, 0.0, 1047.7920919494152, -1272.1783566945267], [-10389.335945173292, -8259.283772548857, 9250.368835980216, 9398.505874271506], [2328.632852780991, -2775.8779272569914, -646.1337115603903, -729.1500534605321], [2901.059002447896, -1471.8388684044, 924.681021975643, -2886.4072898930885]]]",16,31,-15,15,1,0
site_5-35.csv.npy,8272.883119,site_5-35.csv.npy," [[3829.328123203629, 0.0, -1749.2098377547986, -2211.8905593125955], [-8272.883119256932, 5644.690655282109, 3040.6208951687463, 242.1488769535785], [-45.06030350924261, -772.2407724893056, -1540.1615047443186, 2139.80557522679], [2122.9039865854766, -5259.961395591958, 2068.44378394229, 317.37534091432747]]]",5,35,-30,30,1,0
site_16-21.csv.npy,9408.882602,site_16-21.csv.npy," [[-1385.2545188373392, 707.6120340612197, -262.3185190761713, 3986.8486898690035], [1047.5824443954448, 1368.9306331772307, -9408.882602495478, 5575.305529815536], [2197.6743405201514, -2702.8927600860084, 4865.389765531151, -7657.958104574711], [-71.3713741526083, -1884.373739253875, -899.191226195908, 2437.8118375742765]]]",16,21,-5,5,1,2
site_0-2.csv.npy,0,site_0-2.csv.npy," [[0.0, 0.0, 0.0, 0.0], [0.0, 0.0, 0.0, 0.0], [0.0, 0.0, 0.0, 0.0], [0.0, 0.0, 0.0, 0.0]]]",0,2,-2,2,0,0
site_7-10.csv.npy,6357.729678,site_7-10.csv.npy," [[-1701.0585365131815, 5965.564208716045, 237.01013761243775, -842.7401253344497], [-3316.9762358221033, -4170.830795783198, -1018.4547705003479, 6357.7296777507445], [1168.0920334800114, 0.0, -542.6501157904245, -899.6103491001173], [3515.212607213592, -4273.7150304646875, 3311.9164190839874, -3613.5309152833797]]]",7,10,-3,3,1,3
site_21-31.csv.npy,8504.51657,site_21-31.csv.npy," [[1895.9746972204368, 4447.805159717678, -1274.2130388664125, -3551.798034643339], [-716.8954045737092, -1479.8557026946678, 8504.516570322725, -5674.949639740228], [1288.5358297023504, -3419.749847017835, 279.41688846935915, 137.8181214651101], [-2782.9947505304494, -1879.0485003124652, -3793.9650597858968, 6093.608533605129]]]",21,31,-10,10,1,2
site_17-18.csv.npy,8238.815224,site_17-18.csv.npy," [[7665.41023059153, -4766.060611541194, -1214.94433814135, -1641.2554716915818], [-5695.237415059792, 5082.763004657901, 4555.495164012463, -3607.625868078501], [-4466.575286709373, 8238.81522409252, -588.3710825822474, 3088.0971216783123], [-2426.8873448164413, -1283.251397283949, 1584.4204741120423, 1244.9398549273824]]]",17,18,-1,1,2,1
site_6-29.csv.npy,6593.572064,site_6-29.csv.npy," [[-2930.0020981534126, -216.24234724080677, 1920.4453435124287, 1373.7140333761283], [-3792.361216027829, 5088.077237585574, -295.55771681093773, -298.0489278747079], [6593.572064381155, -3100.380995720919, -2970.590997965839, -543.0837659683318], [2320.1685935654878, -962.9525947673652, 3069.2635929703506, -2428.7698289150644]]]",6,29,-23,23,2,0
site_6-39.csv.npy,5230.380389,site_6-39.csv.npy," [[5230.380388969083, -2398.9623504154433, 404.5475948545203, 0.0], [-2467.9949495491633, -549.5842923653213, 1202.4056624013706, 0.0], [-2934.8509699281585, 4604.269282936199, -2267.4752225737175, -3944.5261980019163], [-2853.9431965989465, -1967.6949208838655, 3446.8181879790914, 924.5577719045978]]]",6,39,-33,33,0,0
site_12-19.csv.npy,7228.955198,site_12-19.csv.npy," [[369.0339559767341, -2561.8096733382963, -3033.3219794911347, 3045.9844204085075], [6855.262836284979, -3081.744591221441, -2907.525885494233, 6214.445209358088], [-908.338605295264, 7228.955197915707, -435.88910314319463, -274.93359637982763], [2348.5469521907908, -2841.7855689188114, 2944.1279214282467, -5321.993539451079]]]",12,19,-7,7,2,1
site_3-38.csv.npy,11759.6144,site_3-38.csv.npy," [[-4125.045929898526, 11759.614395607243, -1174.188279579652, -825.590096015068], [11235.868880162112, -7064.517964682584, -65.10362972030053, 1579.1358356093963], [3564.967684077822, -11338.99076580892, 1349.9582386548843, -86.80374944525917], [-2512.664970343853, 1700.26245945767, 470.5196568760247, 1124.0785872329927]]]",3,38,-35,35,0,1
site_3-6.csv.npy,9604.952496,site_3-6.csv.npy," [[-55.70240420280762, -5626.823518098486, 746.1385001781988, 5068.359198741504], [-5490.658135620996, 0.0, 9604.95249583164, -4194.485236177176], [1799.6855914260768, 270.1527501293382, -1903.3069845210255, -2099.3419132606814], [-404.2017805440311, 9030.305751410695, -4209.8145435363795, -2598.57606905163]]]",3,6,-3,3,1,2
site_3-28.csv.npy,13727.22272,site_3-28.csv.npy," [[-5139.267723740949, 7749.8732686194335, -2859.4894973944824, 5685.4273438027985], [2683.2742216405104, 13727.222720369838, 0.0, -9855.679964827475], [2806.277804346982, -6116.647021985334, 2460.1026206198026, -1966.7439647907204], [4075.268024113403, -9120.450194410578, 1334.185006215459, 450.59406457405623]]]",3,28,-25,25,1,1
site_0-34.csv.npy,4577.618467,site_0-34.csv.npy," [[-1185.5533390333555, -4577.618466885084, 2107.9412284272034, -2136.221951210116], [0.0, 0.0, 0.0, 0.0], [0.0, 0.0, 0.0, 0.0], [1402.0418162471226, 0.0, -1402.0418162458227, 0.0]]]",0,34,-34,34,0,1
site_13-20.csv.npy,17694.30963,site_13-20.csv.npy," [[1986.2005228554374, -3261.326799567647, 661.6165799574278, -2264.7061168136165], [7551.8076587103205, 17694.309634371333, 0.0, -13919.220299736295], [847.3622734917209, -1107.9341511735156, 1004.3947909424161, -1187.181084393885], [-4738.822142975599, -8096.917684645361, 2244.4313852795253, 7739.483307876197]]]",13,20,-7,7,1,1
site_0-24.csv.npy,25314.83948,site_0-24.csv.npy," [[-21095.699568152995, 14216.658421267497, -25314.839481782496, -1711.7833516124888], [0.0, 0.0, 0.0, 0.0], [0.0, 0.0, 0.0, 0.0], [0.0, -5832.668309632412, 0.0, 5832.668309633728]]]",0,24,-24,24,0,2
site_13-30.csv.npy,12439.36638,site_13-30.csv.npy," [[4198.052567079908, -2992.5289857638245, 1671.1783492101501, -6264.64245229536], [-2072.0195313537242, 12439.366378221084, -1330.848932909555, -3191.243802735375], [1775.8994599797306, 3453.844890672952, 1748.4610836647337, -6124.719401447748], [-5618.188103562677, -4890.315050392352, -802.738856561328, 9831.012927630707]]]",13,30,-17,17,1,1
site_1-8.csv.npy,12024.40304,site_1-8.csv.npy," [[-229.33298794899645, -728.8421801691002, -569.3149240329201, 1399.8730474750653], [63.921862824906015, -4749.64636051608, 12024.403039030838, -1780.4818016675192], [2977.0291762275383, -4783.97161865226, -789.5343062595509, 585.2624998342511], [-6028.307578528062, 9359.690816903032, -5555.1205963320745, -3969.774638480428]]]",1,8,-7,7,1,2
site_24-30.csv.npy,10964.58161,site_24-30.csv.npy," [[540.9998929157831, -4440.051832972635, 1330.822582985956, -2063.9164530520106], [-6438.973017000288, -3148.019103902672, -6941.636395987754, 10964.581613980161], [50.90768144055547, 1417.2262838272393, 3088.919922533943, -6198.539667067208], [2439.820804036103, 1000.4229865885434, -537.4239899939023, -2051.801197008207]]]",24,30,-6,6,1,3
site_11-15.csv.npy,13291.86519,site_11-15.csv.npy," [[2784.8261242000717, -7673.096517338134, 2521.177447818093, 986.0237861892803], [8303.766318565325, -8505.729249756041, -795.4466896919057, 582.4482007696588], [-4351.346925003125, 13291.865189189964, -1678.9518026858814, -1784.0034173387587], [-1650.122557125523, 1062.4968974566216, -317.8009237094948, 1037.764771582946]]]",11,15,-4,4,2,1
site_2-11.csv.npy,16428.5624,site_2-11.csv.npy," [[353.5333906905802, -2084.045375956989, -227.68214739495338, 980.9459389328608], [-4626.8314622563275, -4893.75692686273, 13095.92674803274, -5088.595302632528], [1470.5937140468657, -1742.8579181863392, -2560.4830288535272, 2544.9995060268834], [5131.838974024511, 16428.562402161766, -7168.766485603811, -1103.908173061501]]]",2,11,-9,9,3,1
site_29-39.csv.npy,6494.74101,site_29-39.csv.npy," [[283.30165978582704, 4922.036796252928, -4273.966854359092, 0.0], [-6112.292583629923, 6494.741009849216, -5585.411311354913, -3876.7057993482304], [-998.1895960539916, -4959.823733208594, 4758.4714230165955, -5268.014205327128], [81.94715273709598, -4134.106661229579, 2969.435726708027, 5947.0764072486445]]]",29,39,-10,10,1,1
site_4-23.csv.npy,7771.03245,site_4-23.csv.npy," [[-2139.249582164664, 7771.032450075886, -1812.443054131154, -3293.7152181437277], [-1922.7702057276251, -2551.715924308343, -1566.1930427972275, 4733.668152791775], [2235.144586484095, -4119.634681983763, 1946.869327958166, -926.4544385469468], [364.9867568218634, -6702.674855456639, 960.1803877160911, 2242.5847152008555]]]",4,23,-19,19,0,1
site_17-37.csv.npy,8487.291487,site_17-37.csv.npy," [[-205.74821617341675, 2262.8901282823977, -2939.4553539293197, 2818.819314132157], [-4015.65364630363, -3842.9392983008643, 103.19236833002755, 4549.723129721777], [609.4304124324909, 8487.291487326085, -570.3511560150738, -3874.418902913081], [692.5068117173746, -5260.508998995852, 4064.989674694779, -1035.9950015794973]]]",17,37,-20,20,2,1
site_4-33.csv.npy,7787.822127,site_4-33.csv.npy," [[1580.9171061613142, 1893.119502751604, -2055.001701993518, -1556.9855424226455], [-6379.674427421569, 0.0, -878.1677982211014, 7787.822127313772], [-151.21453763680768, -166.98439676447472, 1951.9218293537656, -1245.703490143191], [309.1199926590583, 0.0, 233.26293948516283, -608.0606938805635]]]",4,33,-29,29,1,3
site_17-27.csv.npy,6253.638724,site_17-27.csv.npy," [[-3198.427455989135, -5240.914830167651, -589.6217707796837, 5045.527696186007], [0.0, 6253.638724043877, 434.3496297413962, -5260.937796647185], [2204.041523959742, 0.0, 259.996591037481, -4750.204418192604], [2467.5046392150475, -278.37658785211624, -417.78506425829147, -1745.1012576316868]]]",17,27,-10,10,1,1
site_20-27.csv.npy,16965.24187,site_20-27.csv.npy," [[-469.58042521080006, 16965.241867664525, -592.48485951771, -2644.6758046860455], [4671.712751841348, 0.0, 1191.8135093382477, -8204.968808176282], [-1887.8758032646713, -641.0339791759338, -747.3654161876402, 2526.7787281127466], [186.09889739817103, -9494.804616251058, 1791.3165160585404, 1939.6682361447856]]]",20,27,-7,7,0,1
site_6-16.csv.npy,14205.5385,site_6-16.csv.npy," [[-820.8207034940453, -6407.901718357226, 3389.3131873549446, -1700.0896811780178], [-2440.3312068036867, 10487.912613608885, 407.4651720103448, -1482.7896409231007], [-1992.9513881691128, 14205.538498274018, -3744.3896066587286, 1334.5792213351424], [13724.461127389659, -12021.440883615904, 412.6985138722133, 31.163626508938812]]]",6,16,-10,10,2,1
site_33-34.csv.npy,4930.796109,site_33-34.csv.npy," [[-1757.0928691821873, -2779.1458019781708, -800.3434216948003, 3975.370536805453], [4776.046241264186, -4930.796108653209, 276.5627813013798, -2871.7506100177366], [53.27862430514936, -972.5935194938398, 934.4926748403673, -390.5861599507423], [-549.0412216095988, 4560.154899451061, -548.5998621810396, -2733.527109490179]]]",33,34,-1,1,1,1
site_20-37.csv.npy,20218.88688,site_20-37.csv.npy," [[2028.0074345623457, -5782.230702598746, 1401.0883613171789, -140.85404618844402], [-1633.2200591553099, 20218.88687806861, -795.9921622289278, -6844.988331453995], [341.158523319946, 0.0, -45.13291678916392, -223.80642782828954], [-572.3896955822663, -2161.2358397357193, -1060.3941492503657, 1810.1353906773302]]]",20,37,-17,17,1,1
site_30-38.csv.npy,11064.50192,site_30-38.csv.npy," [[-159.4871112584945, -11064.501923741898, 1173.1023516155044, 3801.7905289825344], [-2808.775907917582, 7868.668476554311, 2551.568941323979, -3644.909894224572], [3795.5662278802156, -9764.211078446702, 1151.766738480961, -1780.582370607454], [-570.5456331771644, 8930.353963403644, -3318.5775806625375, -2961.9892094485954]]]",30,38,-8,8,0,1
site_8-13.csv.npy,16417.1559,site_8-13.csv.npy," [[1387.2738103016281, -5356.941214963219, 508.59565122486237, -350.68625761777287], [-4856.768684062475, -3249.951782824615, -517.494993142245, 5476.983704285832], [696.0571222762826, -6518.711536962619, 1526.3663765909482, -374.21131857572254], [1548.3480154388408, 16417.155899503818, 708.0947872313524, -6412.69647229282]]]",8,13,-5,5,3,1
site_19-22.csv.npy,14250.82484,site_19-22.csv.npy," [[128.31899066509547, -6679.080487427278, 833.4982000799554, 3571.7522348235543], [-506.6417076997819, -7449.069612311395, -1110.851139403785, 3454.2708828347645], [-1988.86661662973, 14250.824836407166, -202.81724398729216, -5351.256965752106], [2077.0323096122247, 136.17327767632466, -890.0908436512772, -1398.7405615785174]]]",19,22,-3,3,2,1
site_19-32.csv.npy,40555.42406,site_19-32.csv.npy," [[852.1169087134749, -5215.9515671460185, 1024.732219293172, 760.853913068353], [11657.38033428863, -9164.784195098313, 745.8614922792038, -1815.9891015307057], [-4901.689287828324, 40555.42406079867, -3490.8447259085888, -2281.3275798203044], [-1456.7786589827745, -3776.4270259075242, 1143.599177281739, 2331.2154391352483]]]",19,32,-13,13,2,1
site_35-39.csv.npy,6978.053939,site_35-39.csv.npy," [[3793.5151834764297, 5357.84733207797, -5982.644254494152, 0.0], [-109.60662137045867, -2416.510662218941, 2469.768804208148, 0.0], [-733.6943057918463, -399.5658163300718, 1146.4182908500384, -4959.838797991824], [-1991.7220634812388, -2945.1791139826373, 2313.615167096295, 6978.053938851597]]]",35,39,-4,4,3,3
site_1-32.csv.npy,11045.88804,site_1-32.csv.npy," [[475.38693794669496, -4747.318638509112, 2306.707136309243, -553.030327204369], [-768.7883625418294, 0.0, 350.38225574341413, 186.26084175797254], [-1521.898770031978, -5947.764071344013, 572.1644853072697, 2851.5039176322052], [4853.315142294703, 10599.028294853497, 0.0, -11045.888044614148]]]",1,32,-31,31,3,3
site_12-26.csv.npy,4699.793507,site_12-26.csv.npy," [[2371.0744806700322, -2690.468293172276, 1349.6522916426402, -2504.3517128489393], [1559.7975752459097, -174.3427066390132, -1808.152602071883, 435.04939006061767], [457.8314399326368, -4699.793506666639, 1540.1938911428076, 51.31261816998723], [-3838.9354487062133, 310.5966646028235, -1854.1287737339696, 3677.082089790551]]]",12,26,-14,14,2,1
site_1-22.csv.npy,7292.594,site_1-22.csv.npy," [[-145.75028027408086, 350.36807613220014, 88.71043097928224, -143.5271469962319], [4664.64411633969, -6029.460993801189, 359.92651840542106, -875.9336961247245], [432.4723586518724, -7292.593999639669, 797.6642323722781, 31.82002765947318], [0.0, 3887.558320891113, -2789.847921646972, -1811.5737620674247]]]",1,22,-21,21,2,1
site_12-36.csv.npy,6199.940681,site_12-36.csv.npy," [[-437.577638823382, -2819.4033518134465, 1624.894483840205, -186.21304994751827], [764.5517812923642, 6048.952421914223, 317.2572014387379, -5462.604925689556], [3346.613953209591, -2407.0976674157587, -58.66626105210575, -3327.5550715553736], [-4146.560605698324, -3979.4418775766844, -1869.6866503336473, 6199.940681006611]]]",12,36,-24,24,3,3
site_25-36.csv.npy,8589.208222,site_25-36.csv.npy," [[-1365.7478130333961, -4452.333665109152, -2028.8374742652602, 5617.071028167815], [-6380.081725857385, 0.0, -5700.863674458046, 8589.20822181126], [2752.145936146758, -1651.5527688120508, 326.1808325503084, -3088.1863707937364], [425.913547136268, 5023.016007107204, 3054.8693527177747, -6786.648091261252]]]",25,36,-11,11,1,3
site_10-13.csv.npy,7833.560095,site_10-13.csv.npy," [[2513.583257032161, -7833.560095453866, -442.79548502865174, -208.06976251904976], [-84.73775484927717, 4133.088791427341, -1411.3994835046171, -2872.1766535661595], [-1234.6655430053881, -1348.3210332691842, 1879.4312736327645, 845.73835143777], [-1805.6883171902518, 4873.026918323086, -86.32873740002772, 559.121486865265]]]",10,13,-3,3,0,1
site_25-26.csv.npy,15741.16987,site_25-26.csv.npy," [[-1015.0182264753588, -3855.7813626744814, 1065.28200074185, 759.8434397288321], [-7074.033685881954, 15741.169873394138, -4101.277386807319, -101.57844510672894], [876.0818362425748, -4481.762696260989, 1967.0365382880427, 1164.0776584239345], [1428.202955435777, 2159.0697632615766, -1712.12938072258, -2017.9155299558004]]]",25,26,-1,1,1,1
site_3-17.csv.npy,6274.016508,site_3-17.csv.npy," [[3319.0874045322985, 4712.186895154558, -3942.213341126394, -2179.1065331382024], [1566.3611283669334, 0.0, -5533.979113732365, 1708.9529974421948], [-1448.7757672231928, -4344.588140818065, 1807.3317500277394, 1477.9497950242126], [-3474.538760200024, -2671.6242729268665, 6274.016508287659, 299.3501532767184]]]",3,17,-14,14,3,2
site_14-15.csv.npy,12830.71612,site_14-15.csv.npy," [[404.1167384867149, -3528.8095899396303, 3884.423047118037, -1253.2144561606747], [0.0, 12830.71611584912, -4787.1353988182245, -6786.050862100205], [400.8194850733559, -7037.080729794768, 155.5393164711484, 1037.2056089196922], [2146.089749692625, -2870.7962607089507, -2515.829919784132, 2803.4199739529076]]]",14,15,-1,1,1,1
site_21-30.csv.npy,9287.758124,site_21-30.csv.npy," [[1265.6470909925126, -4579.513366528055, 2748.339893214547, -2510.0876708100823], [584.734496602618, 4898.837825799182, -868.3806137911696, -3028.5938565133924], [644.1300866924229, 9287.758123845086, 1138.1013272316986, -4559.734710471412], [-3002.732187391207, -5509.198085634506, -3999.739840510022, 8391.304118989076]]]",21,30,-9,9,2,1
site_32-33.csv.npy,11108.578,site_32-33.csv.npy," [[-1662.4655638567249, -5349.022161704017, 2303.190691598887, 1806.3206767480685], [7397.162032085171, 11108.577995609423, -5648.405517499036, -6964.6779567910335], [-932.4551416723292, -2021.405155180467, 2142.297900960399, -85.10505962936992], [-1033.7684694759264, 3213.2075495147797, 165.03516811805082, -411.78659828083164]]]",32,33,-1,1,1,1
site_7-11.csv.npy,6518.609853,site_7-11.csv.npy," [[113.22266959838696, -1978.2143135252688, 2527.5873871330364, -2012.8254679101328], [1790.8864985991304, 6024.695433259829, -5090.7739176633295, -2741.951200314094], [896.0131294763562, 0.0, -3790.75720185939, 3638.712284037488], [-2874.9218668747512, -6518.609853204122, 4161.112711862819, -49.2674389452866]]]",7,11,-4,4,3,1
site_0-3.csv.npy,26066.40132,site_0-3.csv.npy," [[4947.6955386622285, -26066.401319796074, -3499.853565578021, -9199.906348171156], [0.0, 0.0, 0.0, 0.0], [0.0, 0.0, 0.0, 0.0], [-3606.1745274024493, 0.0, 3606.174527403731, 0.0]]]",0,3,-3,3,0,1
site_16-20.csv.npy,9330.086214,site_16-20.csv.npy," [[-252.3017968338846, -1834.8572826321026, 1147.8450353103149, -441.1643452017293], [-7269.886436904866, 1614.9765015542778, -6945.117619337654, 9330.086214018818], [2751.7851730080197, -3295.214046183561, -523.4309169499522, -1286.7197490927501], [275.98770370575954, -974.0504615092464, 7506.126612881663, -3860.2831950807063]]]",16,20,-4,4,1,3
site_5-34.csv.npy,6791.428718,site_5-34.csv.npy," [[-1478.6560635451974, -1958.972700715338, -1708.8546897742726, 4731.576409160142], [6791.428717951845, -1629.5401205217931, -2443.75465279092, -1347.5320589244566], [212.8389782362299, -163.45626627697013, 332.6418009760644, -306.2604179208761], [-3646.0867627984485, 2781.215719032962, 3989.0712584272715, -5056.598488623203]]]",5,34,-29,29,1,0
site_16-30.csv.npy,12333.46504,site_16-30.csv.npy," [[3576.9413522237687, -2656.6056662585343, 700.0844073208757, -4397.43621380879], [-11493.129641473994, 6144.486882387309, -12333.465037319213, 10798.947365152102], [134.7989182410926, 352.3541746837093, 1987.8240720557064, -4098.412293402531], [768.4391669478827, -1932.9688476909928, 554.4842134845603, -212.86431922696823]]]",16,30,-14,14,1,2
site_5-24.csv.npy,11708.71488,site_5-24.csv.npy," [[-1431.9301322062674, 11708.71487807321, -335.9563087058217, -3264.6938401502152], [-914.7113423845221, -1489.0483312603583, -1758.3168694212907, 3932.34918231426], [2342.802787393511, -7356.938646499143, -477.68541833971653, 427.4489877824714], [-732.7534616142914, -7166.699797529468, 2802.823338198283, 977.0069900819664]]]",5,24,-19,19,0,1
site_6-38.csv.npy,27898.0842,site_6-38.csv.npy," [[2942.7322080096915, -11551.33960216996, 2979.1850370873885, -367.40058499629686], [-423.1327110178966, 1983.9552796741254, -248.49995981513308, -613.037547364869], [-5459.953468401821, 27898.08419808208, -2156.2255937249715, -2617.712897380088], [8797.60322833473, -10727.977354618006, -1988.6739686668434, 5918.800400040117]]]",6,38,-32,32,2,1
site_6-28.csv.npy,22282.76436,site_6-28.csv.npy," [[305.84627939705916, -8709.852335344001, 543.4685110711174, 1902.4293207613898], [9774.263310447257, -7383.735861433875, 1104.6798649601526, -1828.3430329954447], [-5008.77648829797, 22282.764357452128, -1648.5424231960844, -3003.3186739293296], [1755.8481543134633, -12043.84462224967, 1981.3312387204815, 4195.254695352126]]]",6,28,-22,22,2,1
site_17-19.csv.npy,9344.891473,site_17-19.csv.npy," [[-3029.8561821161275, 4765.347621853157, 3007.756926395808, -1212.2024481137973], [0.0, -5697.908154393928, -5612.98685873597, 9344.891473094249], [5702.561412977958, -3271.3980766021864, -638.7203432128522, -2054.6845159324907], [102.38608394215545, 2014.876449213914, -1036.96709218362, 115.83012488811102]]]",17,19,-2,2,1,3
site_18-35.csv.npy,7141.627122,site_18-35.csv.npy," [[7141.627122405912, -4827.691969691709, -2838.1702777010214, -2079.8976691425205], [3109.693659801615, 2969.7381133875074, -4882.819879791771, -577.5547042651841], [-3011.8162317651468, -2008.1306379451469, 893.8247550538858, 2233.8155338453976], [-5184.015090030306, 340.08049334988686, 6001.0200588347, -621.2242285895069]]]",18,35,-17,17,0,0
site_18-25.csv.npy,11034.44311,site_18-25.csv.npy," [[7696.8350199793595, 0.0, -5591.520405514115, -4120.635081449379], [-5175.53310531301, 11034.443114689468, 5849.2342897136205, -2444.986632236418], [-68.35108258856617, -3186.5842529492943, 2673.8073088757164, -1082.305168785613], [-2730.2707761071774, -8261.812456324977, 479.6165062001284, 5886.058434074563]]]",18,25,-7,7,1,1
site_9-14.csv.npy,16424.7837,site_9-14.csv.npy," [[-2484.8684350453314, 10491.106032062955, -2333.1219507698897, 16.05438909877336], [16424.783703275316, -14444.886969373732, -2909.4931722153783, 169.2109042935457], [-235.3312026811769, -1689.970286828944, 2443.1366889550272, -1492.8600112133327], [-769.8754622476391, -5835.573321244552, 1971.6944486619602, 1769.7034159872405]]]",9,14,-5,5,1,0
site_29-38.csv.npy,10435.96775,site_29-38.csv.npy," [[-3462.458295666749, 8331.764840063137, -152.65598203443776, -536.0488193926827], [6418.248619612908, 300.60069998582736, -4219.488593059273, 30.078508581767096], [2854.298812941422, -10435.967751106047, 443.2311618652837, -965.3276089102419], [-1064.5944851668223, -10083.318025712031, 2062.1589721414593, 1287.912110895563]]]",29,38,-9,9,2,1
site_3-29.csv.npy,10712.01379,site_3-29.csv.npy," [[1355.6839205518922, 107.9419766603711, -831.9479509712135, -972.3266453429072], [-7203.424202684386, 10712.01379057243, -2090.385642712572, 0.0], [-2154.30645762915, -6510.640943505827, 1792.2261062677449, 2792.487515124582], [717.947033354175, 4886.220973715551, -958.192521098622, -1955.0056736652348]]]",3,29,-26,26,1,1
site_3-7.csv.npy,10093.32222,site_3-7.csv.npy," [[-4509.430368372392, 445.8428089424625, -2328.9004281321404, 10093.322215260714], [-6200.396028811679, 5309.146372167445, -5035.688877014306, 6093.7163732045465], [2530.1484561026755, -860.870382702166, 2462.609715181392, -5638.8742936973995], [8708.78101673415, -2171.142418356521, 1965.3034690596528, -6549.973933880511]]]",3,7,-4,4,0,3
site_3-39.csv.npy,5491.885884,site_3-39.csv.npy," [[12.475205101557233, 4671.843346614518, -3739.9846996551905, -4115.807840886916], [0.0, 1644.578031035575, -1644.5780310356643, 0.0], [600.4460375348746, -5491.885884019594, 4014.0929226027656, 3892.4478980780523], [0.0, 143.47247545874768, -143.4724754588094, 0.0]]]",3,39,-36,36,2,1
site_12-18.csv.npy,27026.14033,site_12-18.csv.npy," [[-4815.950119754423, -1553.497638493278, 5159.638814345774, 513.4552704802995], [-6232.073696162602, 672.2279253633719, -3516.541845433725, 7949.541147252613], [-2088.3030538799217, -2157.454905859628, 690.7201506939199, 1201.9631770219698], [27026.140331789564, -2711.488552701221, -4029.7086491921496, -6479.296106912377]]]",12,18,-6,6,3,0
site_2-10.csv.npy,7274.608883,site_2-10.csv.npy," [[-3670.398196577121, 6197.854994220618, 2300.5792232991403, -316.4898937082808], [7274.60888259218, 0.0, -4967.443957857463, -4873.315134684854], [517.70411473832, -1871.30011920923, 170.4630099772662, 260.1360610946362], [-4590.467514698531, 0.0, -2749.9791397273616, 6185.5552491660055]]]",2,10,-8,8,1,0
site_11-14.csv.npy,10932.92819,site_11-14.csv.npy," [[374.22528028699645, -4339.6909013663335, 3873.265882448718, -1984.2581381617922], [488.41900638911187, -6484.0343153344875, -11.413455487449815, 3996.0204857714607], [-2803.2603204170214, 10932.92819326579, -3104.996554044738, 1775.4263926331182], [2934.1886873488966, -6627.97503428116, -410.1806123836916, 218.10552424521822]]]",11,14,-3,3,2,1
site_24-31.csv.npy,16031.19408,site_24-31.csv.npy," [[1837.6225909929942, -5541.819966294761, 973.483881571518, -1729.1802803957996], [-8554.064335248559, -3037.8585300646423, -4723.646945302847, 16031.194079386065], [2417.895619391153, -5114.091875797165, -967.2892506667027, -539.8563921899392], [1023.5818432236125, 1582.8907417398152, 3018.7401479210757, -5077.82657573131]]]",24,31,-7,7,1,3
site_1-9.csv.npy,22950.74951,site_1-9.csv.npy," [[-1271.3108368648966, 7680.370958484448, -614.2400478362738, 426.63986033331406], [874.9063998994977, -481.9063522810294, -446.78838269825917, -338.67047191553706], [-5116.932142587767, 0.0, 3547.982203319809, 1584.7922207921717], [22950.7495071274, -12565.67141167859, 1536.0490170145042, -4866.333086218327]]]",1,9,-8,8,3,0
site_13-31.csv.npy,4869.046965,site_13-31.csv.npy," [[845.2913465508353, -4177.73801163234, 3056.1855082888965, -3273.602121639971], [-2357.609343162254, 3123.8370491125143, 4187.7622260883045, -4869.046965245121], [2152.3377672877123, -4235.557130316908, -61.68065732439639, -1186.7517162614106], [-1298.3689839657393, 403.12903229998926, -4450.401379698296, 4245.448322302257]]]",13,31,-18,18,1,3
site_0-25.csv.npy,38653.72584,site_0-25.csv.npy," [[-6268.171757871591, -38653.72584019243, -629.5663051024022, 4202.904646982515], [0.0, 0.0, 0.0, 0.0], [0.0, 0.0, 0.0, 0.0], [0.0, 0.0, 1973.5393907425753, -1973.539390741302]]]",0,25,-25,25,0,1
site_13-21.csv.npy,9514.218407,site_13-21.csv.npy," [[-487.0676942368905, 2270.122751140074, 875.8949930585397, -2949.6484460001384], [9514.218407250413, -982.3592582595473, -3824.627432097312, -7505.568986891721], [676.7469196742999, -1837.9982237633596, 1852.1714019945446, -1786.438389770215], [-2705.927241702813, -2596.158519721917, -463.8630204927129, 4016.6446755190614]]]",13,21,-8,8,1,0
site_0-35.csv.npy,0,site_0-35.csv.npy," [[0.0, 0.0, 0.0, 0.0], [0.0, 0.0, 0.0, 0.0], [0.0, 0.0, 0.0, 0.0], [0.0, 0.0, 0.0, 0.0]]]",0,35,-35,35,0,0
site_19-33.csv.npy,8146.667595,site_19-33.csv.npy," [[-594.1034627054606, 8146.667595444999, -422.97687595985553, -2945.5266520807213], [-4644.990089874846, -6107.353395063488, 3591.438061518577, 3784.7387992506156], [5784.997830639546, -3139.244660844427, -72.1306362766426, -4374.355925645074], [-1689.649129410494, -6373.577650451055, -635.158612838619, 5360.793435206105]]]",19,33,-14,14,0,1
site_19-23.csv.npy,7337.891625,site_19-23.csv.npy," [[-107.70963064792518, 605.3038724093134, -207.92525241882853, -18.926711370942574], [245.84280918913416, -1961.915413106141, -72.67572634192139, 2548.362932846468], [-1943.0090592176755, 7337.891625493334, -1588.037497842138, -1643.5141050702523], [2248.7962398807126, -5737.352419814275, 1729.8929315713933, 194.33768602376765]]]",19,23,-4,4,2,1
site_8-12.csv.npy,5303.891801,site_8-12.csv.npy," [[834.4221515866725, -2857.2231687999056, 3221.098172521495, -4805.551327386696], [-2428.5704959049954, 1673.9392536537189, -4418.599688185142, 5303.891800645113], [3370.6740312242873, -3731.799641114872, 202.02781162349348, -3947.903386722579], [-918.5007906521951, 1195.5640066760438, -505.7831398924308, 823.5155836843824]]]",8,12,-4,4,1,3
site_20-36.csv.npy,7123.180839,site_20-36.csv.npy," [[4125.648331957248, -3005.5108989027194, 1213.5606294176594, -5894.237604426998], [-1011.9939278179069, 0.0, -5382.124166606532, 6442.266387118398], [-7.9489851553622595, 7123.180838975657, -1901.7469628941644, -2098.603979232516], [-3600.5194913949435, -4870.674910824957, 2686.7624038955537, 2492.023441095364]]]",20,36,-16,16,2,1
site_33-35.csv.npy,8059.728203,site_33-35.csv.npy," [[4495.063482268294, -4366.545217198981, -400.92037001469083, -1314.687203088441], [-2624.3311714097613, 8059.728203228662, -2769.668817707588, 0.0], [-2562.377013781232, 3005.824616978636, -252.465832763329, 561.6315027177293], [-3244.7836506940803, -5306.288327561944, 967.3902865699037, 3309.7528889091127]]]",33,35,-2,2,1,1
site_20-26.csv.npy,5371.277834,site_20-26.csv.npy," [[1798.8224198920466, -3081.9166766346825, 890.1100368301484, -1785.3179355368877], [-2500.5078852822326, 4444.072350172715, -14.497642244356829, -3127.766267722555], [2134.231010091033, -5371.277833770412, 797.963422490037, -2321.579131641679], [-2725.355558196687, -1498.744593231955, -1556.8998609051607, 4247.638630544855]]]",20,26,-6,6,2,1
site_6-17.csv.npy,13055.60453,site_6-17.csv.npy," [[-1341.045673011321, 7957.566376927103, -1318.585715399869, 1249.185400767727], [-2111.4808321136024, -5299.535905122806, 13055.604526612091, -2173.961524103362], [5360.377440931484, -3155.6599529461346, -1570.9375924676701, -4058.135848632397], [-3077.626527619455, -1896.8943662353493, -4704.421408509391, 4963.336176424906]]]",6,17,-11,11,1,2
site_17-26.csv.npy,12493.36034,site_17-26.csv.npy," [[1787.5491715404287, -8298.289739985263, -1610.1136322919726, 3823.380101613992], [-3965.646049365848, -5042.5399282192775, 593.3916632048076, 8563.044654375411], [-1918.2455687570944, 12493.360338000522, 149.94330979738845, -4515.942564687127], [682.2501831248859, 2932.116294126575, 1839.806228792605, -3150.565549644011]]]",17,26,-9,9,2,1
site_4-32.csv.npy,10825.34147,site_4-32.csv.npy," [[-2677.5873314961646, 10328.288796605104, -2497.4317332647274, -306.1144805879752], [5253.429036281935, -5204.83826594272, -976.8917993357227, 90.51639610553781], [899.0983275018258, -10825.34146773873, 2241.584601739389, 532.8919920270616], [-1092.7926761581962, -2148.989450268752, 831.1069866998124, 335.49719414989545]]]",4,32,-28,28,2,1
site_17-36.csv.npy,10294.78323,site_17-36.csv.npy," [[-2310.9189852500904, 4864.46785420602, -2272.0770572587235, 3219.759350857816], [10294.783230276158, -4213.0955309913525, -5246.42609057353, -1676.7934640268584], [-812.0600583071381, -3193.073261230463, 563.0808118847388, 1240.1064123087742], [521.6219672157634, -2148.9712425432435, 4168.6682783391825, -3871.7821889899515]]]",17,36,-19,19,1,0
site_4-22.csv.npy,19720.51146,site_4-22.csv.npy," [[-2604.3246517656494, 19720.511457541917, -2014.030758600758, -1744.5970800126636], [-1537.6904251293408, 9924.0016937639, -3116.771693899555, 361.76613345806913], [1434.0659444167004, -4674.7863026500645, 1706.1792847112904, 761.1864279648712], [986.6931253687386, -7200.962842059479, 2316.1894268641727, 2208.5719085625724]]]",4,22,-18,18,0,1
site_30-39.csv.npy,5989.978881,site_30-39.csv.npy," [[2079.1277348563126, -3861.9307135211757, 3301.1393967969716, 0.0], [3905.2031159914704, 219.22304696458755, -2377.1313501352247, 0.0], [37.21541578604266, -3168.4685282445134, 3014.1003328493284, -4209.748028288516], [0.0, 5989.978881156202, -5624.534363811946, -2458.894436797478]]]",30,39,-9,9,3,1
site_35-38.csv.npy,16174.12051,site_35-38.csv.npy," [[-2506.165104738404, 16174.120513936276, -3562.530348833199, -145.88188355836607], [8938.766188830965, 1555.7858836084615, 68.03240075579977, -4409.058796554314], [1090.6444134153926, -9721.164715943802, 1216.742542230868, 4464.601753500578], [148.06834240702509, 1259.1431619241653, 1183.7352901049078, -1571.7234387724263]]]",35,38,-3,3,0,1
site_25-27.csv.npy,11082.94608,site_25-27.csv.npy," [[-1740.7185167418354, -4638.070736444906, -1598.5565258532067, 5260.035177114777], [2201.6932663188254, 0.0, 3726.4110276279803, -9846.930652096109], [377.5500012093822, 11082.946079533935, -61.67107564740708, -3347.646100484723], [456.38443930798695, -3952.2073585019953, 571.5439478763391, 255.78139667037257]]]",25,27,-2,2,2,1
site_3-16.csv.npy,13332.88112,site_3-16.csv.npy," [[-2881.584762833833, 10529.594715271049, 304.458625593755, -1606.8355104596126], [2345.3181988080164, 0.0, -7894.9929572328965, 5577.738226331227], [645.3477256000211, -13332.881123565723, 1466.619045949594, -507.96232048550945], [1424.6621216702188, -2588.128083818134, 1414.6754210335139, -55.45444532412584]]]",3,16,-13,13,2,1
site_10-12.csv.npy,17177.77361,site_10-12.csv.npy," [[-2488.4940513697125, -3633.0449054027677, -511.48718254458674, 9276.530218675016], [-675.4036642771964, -7568.768418014738, -1750.701298672515, 17177.77361193479], [1829.4446923119447, 3767.558626376712, 1917.1072243984304, -6341.207922288186], [2163.30103551459, 8952.510469487703, -20.20137224716136, -6659.017293426083]]]",10,12,-2,2,1,3
site_25-37.csv.npy,17543.44979,site_25-37.csv.npy," [[-644.4680326556947, -656.3870335300605, -1950.8757500132156, 2916.2181765492214], [0.0, 17543.449786658744, -5587.387578963257, -4431.655118705604], [1428.4832972602126, -4036.3673821299058, 970.6822667651896, -445.1746842078484], [1539.232142526859, -3208.719949687962, 2341.839086497436, -1765.7948308285236]]]",25,37,-12,12,1,1
site_12-37.csv.npy,6230.661129,site_12-37.csv.npy," [[1326.1708611905542, -1466.4426763430256, 2201.8997435816077, -3260.8242205488073], [-4312.119137714539, -6230.66112859928, 2936.6912382801247, 3288.6649632252293], [2238.086899125142, -3390.5863082629503, 50.67407756704089, -389.32784141535814], [-1614.0677007337824, 5921.257036123048, -4657.01035447059, 568.9673404241594]]]",12,37,-25,25,1,1
site_4-5.csv.npy,14507.26848,site_4-5.csv.npy," [[9803.789798031274, -4319.894380193988, 1058.9363099469256, -5359.030743379525], [-7151.922287374985, 8375.796912289934, -3851.420883610717, 14507.268483927952], [-1096.5741569409122, -502.37860465018395, 122.83565285755031, 2179.489231940189], [-2169.269269351165, 334.2611598627581, 1792.2990231521724, -430.48142606405736]]]",4,5,-1,1,1,3
site_1-23.csv.npy,7508.110078,site_1-23.csv.npy," [[911.6896353546059, -3209.95569636733, 283.3770280484238, 1001.007261420347], [2223.018062812521, 2086.24518218835, 1626.8984655603635, -4269.716337429991], [-806.5025669140709, -3496.31233463119, 60.64969025479018, 2566.199605389383], [0.0, 7508.110078329177, 0.0, -7508.110078329189]]]",1,23,-22,22,3,3
site_12-27.csv.npy,11938.91505,site_12-27.csv.npy," [[-1307.4374117177053, 605.2320868141791, 3137.1139381313446, -3192.608724592487], [825.0155895666115, 11938.915049201914, -6554.739152690488, -537.8282817865545], [-1218.0997974374538, -1792.81428479555, 1752.744964839382, 748.9302715823015], [7579.636592634546, -7884.242865186095, -2308.5667779535956, 333.40568713561066]]]",12,27,-15,15,1,1
site_1-33.csv.npy,43756.81135,site_1-33.csv.npy," [[-4529.065186553131, 8355.961989860905, 1348.7846444939905, 1465.5424357001298], [-2166.637665573231, -3583.895429263806, 872.2483004437192, 3868.146640419003], [-583.4112595811685, 536.0181562963339, 1570.0273310331274, -1877.3384752691304], [43756.81134853477, -12257.059555942078, -5440.690010397647, -4120.48333115437]]]",1,33,-32,32,3,0
site_29-31.csv.npy,13269.98295,site_29-31.csv.npy," [[-1249.4520301657244, -257.7387001067312, -3587.5412413679715, 3960.1181704507944], [-1023.4544252094564, 889.1055013095311, 13269.982951947057, -8807.463570896447], [1570.9408924520365, -3731.0549406963223, -275.7815451529458, 148.89520967983768], [1836.8951723682464, -2557.3892628478, -711.8867798367246, -16.546736654409955]]]",29,31,-2,2,1,2
site_10-24.csv.npy,14265.78628,site_10-24.csv.npy," [[20.588269745838573, 11739.568841259486, -2033.5789420458718, -2735.5304942095845], [-134.33299254971317, -8893.776877875942, 43.368864422543, 11026.768524670995], [123.86095906963098, 14265.786281549867, -673.3432137780183, -2793.669069578014], [925.4473564865762, -10920.790426846346, 3442.5943337812387, 2139.1306816276465]]]",10,24,-14,14,2,1
site_3-30.csv.npy,4563.065346,site_3-30.csv.npy," [[1855.1454467657948, 4563.065345562734, -2238.2186804305197, -1636.4391595503557], [-4408.332108721484, 0.0, 0.0, 4408.332108721447], [299.06460245160275, -3507.8469008364464, 3397.1740863879822, -3642.933300641619], [-2209.492223459864, 0.0, -1105.4267909648, 2690.8735119655394]]]",3,30,-27,27,0,1
site_10-34.csv.npy,10685.09505,site_10-34.csv.npy," [[-1409.8004756855983, -4853.1858281998075, -1512.6911146098532, 7959.820650801933], [10620.21546663905, -3148.293082403157, -41.9238052096697, -5890.29965557329], [116.31275164599677, 922.8844692362495, 323.85164492152256, -567.0342110330936], [-1390.8843523258765, 10685.0950474086, 2242.9620489273343, -4532.913592847195]]]",10,34,-24,24,3,1
site_3-20.csv.npy,20035.91445,site_3-20.csv.npy," [[-384.0140637320988, -921.4769692935669, -3743.0314738706297, 3566.184055555469], [-7587.206623643042, 0.0, 9776.645298525713, -5519.33003773034], [3105.2902622741135, -5111.6838287801065, 900.5535644610303, -1627.8650616968532], [-2736.274422823034, 20035.91445472385, -181.66697124342548, -2235.4413013820204]]]",3,20,-17,17,3,1
site_27-34.csv.npy,7254.185466,site_27-34.csv.npy," [[2608.3042976932566, -2435.739926541112, 789.2267937679018, -2658.181608398298], [0.0, 7254.1854655377, -81.58795638915058, -5822.080880769917], [119.00889105799196, 5429.982773780606, 2003.9931703255772, -3696.288430526442], [-1802.2403752730481, -5775.999350870735, -2480.257463254017, 7146.725022016196]]]",27,34,-7,7,1,1
site_34-37.csv.npy,8117.643226,site_34-37.csv.npy," [[818.1992497853931, 8117.643225971991, -113.81496398660103, -5244.528484114834], [777.196152723801, -2801.699913935329, -1761.946818793484, 1854.7571773000514], [1808.825714841988, -1318.5840189515714, 2219.5013884070813, -2780.0695338929986], [-3882.8336011430592, -5348.416836390321, -1860.6051916139877, 5235.268543224203]]]",34,37,-3,3,0,1
site_1-15.csv.npy,14608.56361,site_1-15.csv.npy," [[2630.8976473482717, -1062.8829767183568, 679.2862520664805, -3102.8604536966473], [-878.4314346449828, -6020.8308654185375, 2158.210678076497, 3657.679337386078], [-543.4280219803505, -7340.362731739248, 1179.930569859236, 3591.7665224368166], [-5083.015929068805, 14608.56361031943, -8193.766343521133, -7093.365666702922]]]",1,15,-14,14,3,1
site_24-38.csv.npy,11623.7861,site_24-38.csv.npy," [[2006.2046657056133, -10412.353317804376, 1155.1883645534863, -81.54764565248946], [-5874.813248414696, 9063.992704201542, -2476.7483098194934, -4488.070194788333], [3279.801765400729, -11623.786095199377, 2350.232942676331, -817.2696799055473], [-2283.7006773036132, 4621.048386080989, -1757.5029915251412, 370.424014495382]]]",24,38,-14,14,2,1
site_2-19.csv.npy,20642.80406,site_2-19.csv.npy," [[4315.726754662772, 3124.1811957179248, -5942.210111242392, 128.05896727814078], [-6183.998842000419, -5043.951447483298, 20642.804056692978, -5867.72796007223], [881.7809153540913, -1777.3776165150307, -2478.011170727407, 1569.9730677371135], [-3528.457412194668, 4384.969465946109, -3769.6147804155635, 5139.1569033933865]]]",2,19,-17,17,1,2
site_24-28.csv.npy,12979.23494,site_24-28.csv.npy," [[824.8839880260164, 0.0, 1338.8998559433594, -2540.6337783353115], [-6648.01075064986, 12979.234940593584, -6371.535006398846, -1751.7696036483424], [2644.8582950084856, -7154.216928493275, 128.93467267937126, 383.03599803654953], [491.11703089191883, -9465.700838228739, 814.8309814541933, 2922.8238519233605]]]",24,28,-4,4,1,1
site_13-28.csv.npy,13304.54184,site_13-28.csv.npy," [[60.09728249693717, -6842.574591494058, 3052.1502117712844, 203.97974342991856], [9216.761662184797, -13304.541841653401, -3026.100714446077, 154.92749673317536], [442.99706662132974, -5859.777411294461, 2390.284987787051, 70.2537309621707], [-3601.938906969844, 11523.55567960353, -1252.042786796184, -2074.622753730272]]]",13,28,-15,15,1,1
site_13-38.csv.npy,9673.623059,site_13-38.csv.npy," [[272.836096815639, -7396.494636320537, 595.5439322446597, 1287.0804469359625], [-733.9947943303349, 4540.842345629782, -1956.5013875448756, -3133.2754189420543], [828.7285541370433, -9673.623059309748, 1811.4644787291631, 1494.5908958834202], [-1492.6642888027054, 5435.632770539357, -48.95788263909338, -1633.608476570863]]]",13,38,-25,25,2,1
site_7-18.csv.npy,14718.31481,site_7-18.csv.npy," [[-3658.6589810975534, 4708.619611931871, 1011.2791521996172, -286.73602211475384], [-3864.8620592754896, 598.7318706937248, 3191.4374307789153, 2559.822305312962], [-763.8762109686434, -141.61764422421868, 1545.8487021342712, -206.81891369965018], [14718.314806289487, -2703.020563854259, -5772.741292052743, -958.8762281984807]]]",7,18,-11,11,3,0
site_21-29.csv.npy,21875.71033,site_21-29.csv.npy," [[-5260.6955473669395, 11608.415861176525, 1521.5637408317102, 377.6945725465418], [549.4643339515455, 182.67534189554345, 111.3195771150876, -739.0240176491097], [-1314.6703099887063, -7299.319782173839, 1822.0571249069073, 3156.581262044162], [21875.710332923252, -1909.8966147488404, -3983.9210466277154, -3842.155171423919]]]",21,29,-8,8,3,0
site_21-39.csv.npy,6915.363437,site_21-39.csv.npy," [[-1857.575397637031, 1576.7993802681844, 373.08183329129326, -5344.904340230645], [0.0, 327.391377108046, -327.3913771080761, 0.0], [6915.363437318712, -5641.302409283914, 1252.5693353777015, 3573.6960978542957], [-4896.3277760953415, 2909.6494253347864, -1549.574606917248, 1470.802553475905]]]",21,39,-18,18,2,0
site_16-39.csv.npy,18553.63102,site_16-39.csv.npy," [[-2427.787142689981, -834.2827749258581, 1586.7184828958266, 0.0], [0.0, 15137.849320921952, -10002.86867823884, -18553.631022955557], [3526.91603118601, -3848.4819983249226, 914.7488039076363, 2435.7823694089625], [0.0, -734.5253196815241, 51.60254931338206, 4117.562784593468]]]",16,39,-23,23,1,3
site_16-29.csv.npy,12103.84315,site_16-29.csv.npy," [[-4259.520487609269, -660.0375592423444, 5215.304165357514, 1365.6738473058278], [12103.84314524379, 4809.355573967621, -11462.881795016021, -10377.100001531855], [164.0600678510546, -4163.919968587199, 456.0727025865838, 1366.9649540987716], [-2380.767373143584, -688.3171923102966, 993.1009251369654, 1119.3667559219923]]]",16,29,-13,13,1,0
site_15-35.csv.npy,10766.89362,site_15-35.csv.npy," [[-3896.502361553046, -1177.812980894636, -578.0092866915712, 3599.8507306547567], [10766.89361571164, 4241.659597643257, -5394.693245573079, -5984.563586262542], [-1812.2796828403443, -1234.9923662374836, 3249.8016184402118, -279.4086821735089], [-388.81783675882843, -4299.278166482613, 98.4512537191159, 1913.911965646435]]]",15,35,-20,20,1,0
site_6-21.csv.npy,7120.777926,site_6-21.csv.npy," [[482.46913861386577, 907.526446060878, 1527.9326376164358, -4767.895525644788], [6945.603890941849, -3345.5671298281, -607.0290145921199, -6137.35490327723], [-3481.7454577166063, -2006.4480215320566, -3272.009758443959, 7120.777926479706], [-3548.9852028962555, 1104.9135909289596, 3892.0467405782274, -2330.1748859626387]]]",6,21,-15,15,2,3
site_15-25.csv.npy,8477.137353,site_15-25.csv.npy," [[228.34483296171763, -5693.8657311407505, 1929.714474399886, -2177.2577893030925], [4245.360741196882, -6556.124393497411, -8477.137352543208, 3881.1103069067462], [-1913.7170798487525, 0.0, 5030.050327057637, -3021.822278651718], [-1744.1765519523879, 2997.1234998287437, -453.25377455865595, 1186.9514628147556]]]",15,25,-10,10,1,2
site_6-31.csv.npy,5470.895161,site_6-31.csv.npy," [[2299.5239847832686, -5470.895161243841, 1178.1904585854973, -2857.095751289115], [435.1073735707472, 3251.652735877947, -1323.7360103198528, -1875.4097440248656], [-1377.1412200706698, -240.87313615931149, -2778.7248874630413, 4609.5174155900195], [-2502.8818396590004, -2676.143493152704, 4562.066814493712, -474.5906919565642]]]",6,31,-25,25,0,1
site_31-36.csv.npy,7385.282894,site_31-36.csv.npy," [[-657.9778717860227, 1417.395896484005, 1429.4252696540545, -2164.137857214424], [-3279.131131839222, 7385.282893876947, -4241.798733836072, -605.1252903197579], [2000.2695304869887, -4569.0976264811925, 2313.001175410714, -5079.344478432354], [-32.48206259521936, -3859.2376889978195, -1595.170170500459, 2356.5643798872734]]]",31,36,-5,5,1,1
site_4-14.csv.npy,43990.81796,site_4-14.csv.npy," [[-5458.301081601309, 43990.817955846935, -3635.7629694702505, 1367.026518641446], [5219.885507129741, -7943.441383624097, -2359.7632231013927, -154.41071950124993], [3237.457484376728, -7405.640672423257, 946.4837156659132, -1226.2292217327413], [142.44235622318766, -6197.970157901058, 4527.530455038656, -506.7628678132807]]]",4,14,-10,10,0,1
site_22-25.csv.npy,15538.03233,site_22-25.csv.npy," [[-391.7489269119023, 7134.273034081643, -167.35386096146533, -980.3159994651903], [15538.032334588066, -11824.949140099097, -801.6074046945333, -8262.426907283327], [-1556.035239083276, -6496.290189605616, 26.929725762301715, 3307.4022359975042], [-4443.6980206552935, 8978.162705253048, -537.1263780320257, 3571.075647961809]]]",22,25,-3,3,1,0
site_2-4.csv.npy,7870.848011,site_2-4.csv.npy," [[-2269.4968012798804, 3263.535767904462, 1178.426153758374, -287.8680501049642], [7108.805710866968, -6199.268152151242, -3559.149638489691, -2898.9930706111845], [-1126.5744669736193, -3439.197938921338, 787.6915258324505, 2677.9083715761553], [-2111.6114619024474, 7870.848010818487, -3693.5917658603003, 3315.631940723109]]]",2,4,-2,2,3,1
site_22-35.csv.npy,25934.66079,site_22-35.csv.npy," [[-2484.771021469787, -1711.8123628024086, 2137.766485817645, 1202.4333729958328], [25934.66079238535, -10098.725263492222, -7152.750144932039, -2391.7783393997047], [-1558.8933685913487, -2681.4205863493776, 648.8305115358621, 1467.068583403038], [-5880.33832940694, 4377.763533135071, 1972.3711431130707, -2010.775257141916]]]",22,35,-13,13,1,0
site_8-34.csv.npy,7498.529095,site_8-34.csv.npy," [[1207.4667825302056, 1061.899161113921, 678.9405761617277, -2362.6232913117824], [-5044.2267132987945, -453.9958529768986, -3979.8901342500208, 7498.529095184623], [-5.377062132492001, -443.00801459199744, 3837.2586313174693, -3572.0267829224786], [3833.6706632461046, -3014.604048355499, -1699.8737333841225, 162.56925337295115]]]",8,34,-26,26,1,3
site_8-24.csv.npy,8861.663001,site_8-24.csv.npy," [[3644.304052773814, -6146.5594481756425, -789.0984966224801, -1825.7681127685828], [-3660.441391306476, 8383.624671606349, -639.8286378356894, -4377.772558666968], [51.703257109801534, -8861.66300086472, 4149.457654446268, 689.0339294581158], [-1495.1700478829855, -4988.476231933983, -1479.5394266458304, 2976.8956851858507]]]",8,24,-16,16,2,1
site_11-22.csv.npy,8932.502017,site_11-22.csv.npy," [[1163.389427431672, -4947.733833270437, 286.9317516047354, 1068.002056247286], [1781.433735677302, 5141.123420237124, -232.73061880082676, -4076.3806290394064], [-1315.9373356521394, 7248.779551405745, -948.1542319873054, -2433.092569134562], [-195.54710058817628, -8932.502016592953, 1284.8496539614694, 3037.977340799974]]]",11,22,-11,11,3,1
site_2-36.csv.npy,5671.552482,site_2-36.csv.npy," [[236.12682886021145, 3173.365185362119, -985.101891558351, -720.5925166298562], [-5499.933821772189, -4665.897506464171, 1030.3581759916885, 5671.552482024973], [355.005070260812, -1473.2122260321366, 1126.9265719480175, -1168.1186873965694], [5459.899929575007, 0.0, -3757.7333909343483, -3592.322907264662]]]",2,36,-34,34,1,3
site_11-32.csv.npy,22334.38862,site_11-32.csv.npy," [[570.0896854529278, -7397.746451196697, 2699.6321318961627, -1350.5243731294297], [687.2430968030458, -132.99693450133137, 3154.158573231181, -2413.7112849211553], [-3937.1097225316803, 22334.38861707055, -2735.02434448665, -2500.4206105444964], [5134.929228979545, -13629.343947026611, -317.28731980471537, 5309.177457589261]]]",11,32,-21,21,2,1
site_2-26.csv.npy,6623.213458,site_2-26.csv.npy," [[2451.327111956475, 2434.049346279867, 387.86918431837734, -5058.908863869785], [-3987.7620915488674, -2689.0670594981793, -508.8063924881955, 6623.213458071471], [-32.594878689230725, -1490.7772304106772, 1780.8367854199614, -878.8579134427603], [-2651.6280544800766, 0.0, -1239.1312071822624, 2442.3800755475972]]]",2,26,-24,24,1,3
site_13-17.csv.npy,10609.48531,site_13-17.csv.npy," [[-1447.290967176044, -2771.598904303553, 5.743147405038154, 2977.772148931451], [-5374.729462273517, 10609.48530511675, 6208.109949830195, -6623.571934369936], [-1500.7545422098842, -1110.6013067321508, 1782.0080303037364, 173.0320837164051], [5594.806493348034, -3393.1054529412536, -3397.443128267895, -2950.430073867391]]]",13,17,-4,4,1,1
site_26-32.csv.npy,11231.29013,site_26-32.csv.npy," [[3228.874782753919, -11231.290126767719, 518.6445467161004, 1132.9460128268086], [-3736.3290902847216, -1406.6791569048848, -983.9204696078613, 2493.981298583694], [-906.2304132330825, 0.0, 2684.21958465893, -1866.5872081382372], [819.7985766252251, 6606.368172879084, -2272.260452449129, -2227.463339687664]]]",26,32,-6,6,0,1
site_0-13.csv.npy,16402.63453,site_0-13.csv.npy," [[-6721.724106247299, 14868.7004551707, -16402.63453385861, -10935.089689236893], [0.0, 0.0, 0.0, 0.0], [0.0, 0.0, 0.0, 0.0], [8171.162805125269, -8171.162805123992, 0.0, 0.0]]]",0,13,-13,13,0,2
site_28-37.csv.npy,8813.328086,site_28-37.csv.npy," [[952.5104784807504, 6233.118713534195, -649.1808399084309, -3136.5196068368145], [0.0, -8813.32808620991, -3076.030805615847, 8377.86406485665], [2913.4897134946664, -850.4794667297249, 1344.775076150297, -4047.5935903037284], [-2058.909104788981, -2156.4137298944875, 481.64227480053313, 716.2164375992679]]]",28,37,-9,9,1,1
site_9-32.csv.npy,28217.20873,site_9-32.csv.npy," [[-4339.399557931888, 28217.20872818145, -1853.4472801877357, -2814.5560204775584], [4718.501599559769, 8777.052597462643, 0.0, -7744.344616788912], [2127.173254196094, -11905.817487086892, 3328.815844356634, 2389.2348870933497], [-0.13185837548260382, -8508.540829701196, 1479.5394206276374, 2429.1472792191903]]]",9,32,-23,23,0,1
site_9-22.csv.npy,15294.05736,site_9-22.csv.npy," [[-3343.7168882763467, 12284.457396037964, -2371.7837888413683, -2302.0883189241667], [7397.148243060511, -15294.057355290692, -5934.039373092705, 14339.491052428828], [2174.016659792522, -5596.899497983559, 362.3537091726298, -1006.008467994494], [699.3661123170116, -6325.989723801534, 5818.07671391414, -1366.9546993227434]]]",9,22,-13,13,1,1
site_5-6.csv.npy,5768.573581,site_5-6.csv.npy," [[-37.523994718800424, -3365.8129268706125, 1587.0866600925567, 962.1660383084487], [-5585.656581892625, 3861.4184402733895, 3160.8253233743276, 0.0], [-776.5320214186374, -340.862043558876, -1531.2719971190093, 3393.088416312442], [5768.573580957211, -1695.5283136508265, -4708.006508728964, -3232.555115410731]]]",5,6,-1,1,3,0
site_14-33.csv.npy,23172.88584,site_14-33.csv.npy," [[-2219.7818480911938, -591.2416049571832, 347.2903159430287, 2410.6323052183375], [23172.8858445813, -9498.542045383945, -6203.27950070551, -6680.963491174629], [-327.16578747629654, -3952.2747754659226, 1283.0899674539032, 1086.7827591058856], [-3583.34047823742, 6736.2701106071345, 1523.3250793202722, -989.3200959276936]]]",14,33,-19,19,1,0
site_7-27.csv.npy,10013.26234,site_7-27.csv.npy," [[4687.173000432252, -4247.39421158077, 1607.2076596539719, -5717.454637753616], [-908.9322405378746, 10013.2623383294, -918.9528520044179, -3300.6935618438556], [669.9131959036698, -4325.491123910659, -363.7471227359932, 1268.1932348039554], [-5778.325054013313, -3291.832793469725, -390.4392367218142, 7402.851680947048]]]",7,27,-20,20,1,1
site_14-23.csv.npy,11681.07467,site_14-23.csv.npy," [[666.532360487331, 1877.56541470057, 413.685354944096, -2610.1599425824224], [-1131.3846175176648, 11681.07467161702, 0.0, -9545.559578692139], [1793.3196411804956, -5807.146633789314, 2496.0506458155833, -1400.3984544665964], [-416.77305710086637, -4707.4484895041805, -530.0285006707618, 5109.339695786294]]]",14,23,-9,9,1,1
site_7-37.csv.npy,9974.13192,site_7-37.csv.npy," [[-75.7796718232562, 9974.13191982381, 844.0001237812468, -5396.4068325303015], [-1494.7101244519852, -3094.542225836636, 406.5087332756491, 2280.538969474495], [1269.8667403312613, -1949.3367556173225, 3192.905152472248, -3245.968446525802], [-524.3801200432981, -5221.89665624087, -6847.512100627864, 6992.723366295934]]]",7,37,-30,30,0,1
site_5-12.csv.npy,7274.315062,site_5-12.csv.npy," [[-965.7445347261229, -1830.2381785783323, -2294.1508120075973, 5937.987428262304], [-1226.267583705827, -2082.6471624501364, -1625.8881644014866, 5875.493602953659], [1174.6598137765454, 5702.846181316269, 3896.342908420155, -7274.315062313877], [1979.4698898309903, -1640.9300384153644, -261.51760026003484, -1868.679208394178]]]",5,12,-7,7,2,3
site_7-8.csv.npy,5073.336456,site_7-8.csv.npy," [[634.5227386409433, -2848.6721741939728, -1274.836469217835, 1848.047906631692], [2384.961251828741, -2022.4552058579523, 925.3894091966279, -1243.15039338721], [525.2413888905036, -5073.336455905032, 1329.2030401082575, 1244.5170555843144], [-3843.037581381985, 4877.732284813607, -1493.5568612020543, 0.0]]]",7,8,-1,1,2,1
site_23-33.csv.npy,6489.876235,site_23-33.csv.npy," [[-417.6443763301145, -4549.593106227286, 3112.048988521737, -1725.8874365103934], [5419.3959420850615, -6489.876234605469, -2401.2264914725224, 2942.7052455010185], [-1781.2756493484735, 0.0, 1891.5826195050738, 348.39389508029393], [760.884104644598, 569.7229325035258, -1449.5929644174496, 169.08115846197427]]]",23,33,-10,10,1,1